Information 0 33 0 7163.2190893
0 0.000000 0
1 inf 0
2 0.000000 5
3 0.145479 0
4 0.329108 0
5 3.382519 0
6 1.546491 0
7 1.164693 0
8 0.974235 0
9 0.171474 0
10 0.970936 0
11 0.872584 0
12 0.798445 0
13 0.739975 0
14 0.692335 0
15 0.652553 0
16 0.618686 0
17 0.589406 0
18 0.563768 0
19 0.541078 0
20 0.520816 0
21 0.502580 0
22 0.486057 0
23 0.470996 0
24 0.457196 0
25 0.444491 0
26 0.432747 0
27 0.421848 0
28 0.411699 0
29 0.402218 0
30 0.393337 0
31 0.384996 0
32 0.377141 0
33 0.369730 0
34 0.362721 0
35 0.356080 0
36 0.349776 0
37 0.343783 0
38 0.338075 0
39 0.332632 0
40 0.327433 0
41 0.322461 0
42 0.317700 0
43 0.313135 0
44 0.308755 0
45 0.304547 0
46 0.300499 0
47 0.296603 0
48 0.292849 0
49 0.289229 0
50 0.285735 0
51 0.282360 0
52 0.279098 0
53 0.275942 0
54 0.272887 0
55 0.269927 0
56 0.267059 0
57 0.264277 0
58 0.261577 0
59 0.258955 0
60 0.256408 0
61 0.253933 0
62 0.251525 0
63 0.249182 0
64 0.246901 0
65 0.244679 0
66 0.242515 0
67 0.240405 0
68 0.238347 0
69 0.236340 0
70 0.234381 0
71 0.232468 0
72 0.230600 0
73 0.228775 0
74 0.226991 0
75 0.225247 0
76 0.223541 0
77 0.221872 0
78 0.220239 0
79 0.218640 0
80 0.217075 0
81 0.215542 0
82 0.214040 0
83 0.212567 0
84 0.211124 0
85 0.209709 0
86 0.208321 0
87 0.206960 0
88 0.205624 0
89 0.204313 0
90 0.203026 0
91 0.201763 0
92 0.200522 0
93 0.199303 0
94 0.198105 0
95 0.196928 0
96 0.195771 0
97 0.194634 0
98 0.193516 0
99 0.192416 0
100 0.191334 0
101 0.190270 0
102 0.189223 0
103 0.188193 0
104 0.187178 0
105 0.186180 0
106 0.185197 0
107 0.184229 0
108 0.183275 0
109 0.182336 0
110 0.181411 0
111 0.180499 0
112 0.179600 0
113 0.178715 0
114 0.177842 0
115 0.176981 0
116 0.176133 0
117 0.175296 0
118 0.174471 0
119 0.173657 0
120 0.172854 0
121 0.172062 0
122 0.171280 0
123 0.170509 0
124 0.169747 0
125 0.168996 0
126 0.168254 0
127 0.167521 0
128 0.166798 0
129 0.166084 0
130 0.165379 0
131 0.164682 0
132 0.163994 0
133 0.163315 0
134 0.162643 0
135 0.161980 0
136 0.161324 0
137 0.160676 0
138 0.160036 0
139 0.159403 0
140 0.158777 0
141 0.158159 0
142 0.157547 0
143 0.156942 0
144 0.156344 0
145 0.155753 0
146 0.155168 0
147 0.154590 0
148 0.154018 0
149 0.153452 0
150 0.152892 0
151 0.152338 0
152 0.151790 0
153 0.151247 0
154 0.150711 0
155 0.150179 0
156 0.149654 0
157 0.149133 0
158 0.148618 0
159 0.148108 0
160 0.147603 0
161 0.147103 0
162 0.146608 0
163 0.146118 0
164 0.145633 0
165 0.145153 0
166 0.144677 0
167 0.144205 0
168 0.143738 0
169 0.143276 0
170 0.142818 0
171 0.142364 0
172 0.141914 0
173 0.141468 0
174 0.141027 0
175 0.140589 0
176 0.140156 0
177 0.139726 0
178 0.139301 0
179 0.138879 0
180 0.138460 0
181 0.138046 0
182 0.137635 0
183 0.137227 0
184 0.136824 0
185 0.136423 0
186 0.136026 0
187 0.135633 0
188 0.135242 0
189 0.134855 0
190 0.134472 0
191 0.134091 0
192 0.133714 0
193 0.133339 0
194 0.132968 0
195 0.132600 0
196 0.132235 0
197 0.131872 0
198 0.131513 0
199 0.131156 0
200 0.130803 0
201 0.130452 0
202 0.130104 0
203 0.129758 0
204 0.129415 0
205 0.129075 0
206 0.128738 0
207 0.128403 0
208 0.128071 0
209 0.127741 0
210 0.127413 0
211 0.127088 0
212 0.126766 0
213 0.126446 0
214 0.126128 0
215 0.125813 0
216 0.125500 0
217 0.125189 0
218 0.124880 0
219 0.124574 0
220 0.124270 0
221 0.123968 0
222 0.123668 0
223 0.123370 0
224 0.123075 0
225 0.122781 0
226 0.122490 0
227 0.122201 0
228 0.121913 0
229 0.121628 0
230 0.121344 0
231 0.121063 0
232 0.120783 0
233 0.120505 0
234 0.120229 0
235 0.119955 0
236 0.119683 0
237 0.119413 0
238 0.119144 0
239 0.118877 0
240 0.118612 0
241 27.856354 5
242 0.131054 5
243 0.130763 0
244 0.130474 0
245 11.867088 0
246 0.000000 0
247 23.610770 5
248 6.953768 5
249 0.000000 0
250 0.109188 0
251 0.108957 0
252 0.108727 0
253 0.108499 0
254 0.108272 0
255 0.128131 0
256 0.108791 0
257 0.108566 0
258 0.108342 0
259 0.000000 0
260 0.796474 0
261 0.121842 0
262 0.121593 0
263 1.037599 0
264 2.308237 0
265 0.838371 0
266 1.390334 0
267 16.367885 5
268 1.037038 5
269 0.428924 0
270 0.151572 0
271 0.668146 0
272 3.627303 0
273 10.883107 0
274 0.168761 0
275 0.168420 0
276 0.168081 0
277 0.167743 0
278 0.167408 0
279 0.167075 0
280 0.166744 0
281 0.166414 0
282 0.166087 0
283 0.165761 0
284 0.165437 0
285 0.165115 0
286 0.164795 0
287 0.164477 0
288 0.164160 0
289 27.040091 5
290 0.529315 5
291 0.173119 0
292 0.172788 0
293 0.598553 0
294 1.019127 0
295 1.004492 0
296 1.647471 0
297 1.880013 0
298 1.935448 0
299 0.660362 0
300 20.855080 5
301 1.136310 5
302 0.516301 0
303 2.327969 0
304 1.880693 0
305 1.744407 0
306 0.505179 0
307 7.894879 0
308 0.247610 0
309 0.228542 0
310 1.053991 0
311 0.682637 0
312 0.372022 0
313 0.394810 0
314 0.236669 0
315 0.236228 0
316 0.122452 0
317 0.236643 0
318 0.549298 0
319 0.238202 0
320 0.311129 0
321 1.343857 0
322 0.636009 0
323 3.748430 0
324 0.870215 0
325 0.853425 0
326 0.417670 0
327 0.840181 0
328 0.259239 0
329 0.258767 0
330 0.258297 0
331 0.257829 0
332 0.903015 0
333 0.523848 0
334 0.261894 0
335 1.870941 0
336 0.475008 0
337 0.267003 0
338 0.955571 0
339 16.744512 5
340 0.272436 5
341 0.271951 0
342 0.271469 0
343 0.309032 0
344 1.537568 0
345 0.566341 0
346 0.017092 0
347 0.278229 0
348 0.588761 0
349 3.244432 0
350 3.092201 0
351 1.550459 0
352 0.411589 0
353 0.193068 0
354 0.294683 0
355 0.294169 0
356 0.293658 0
357 0.293149 0
358 0.292643 0
359 0.292139 0
360 0.291638 0
361 0.291140 0
362 0.290643 0
363 0.290150 0
364 0.289658 0
365 0.289169 0
366 0.288683 0
367 0.288198 0
368 0.287716 0
369 0.287237 0
370 0.286759 0
371 0.286284 0
372 0.285811 0
373 0.285341 0
374 0.284873 0
375 0.284406 0
376 0.283942 0
377 0.283481 0
378 0.283021 0
379 0.282563 0
380 0.282108 0
381 0.281655 0
382 0.281204 0
383 0.280755 0
384 0.280308 0
385 0.279863 0
386 0.279420 0
387 0.278979 0
388 0.278540 0
389 0.278103 0
390 0.277668 0
391 0.277235 0
392 0.276803 0
393 0.276374 0
394 0.275947 0
395 0.275522 0
396 0.275098 0
397 0.274677 0
398 0.274257 0
399 0.273839 0
400 0.273423 0
401 0.273008 0
402 0.272596 0
403 0.272185 0
404 0.271776 0
405 0.271369 0
406 0.270964 0
407 0.270560 0
408 0.270158 0
409 0.269758 0
410 0.269360 0
411 0.268963 0
412 0.268568 0
413 0.268174 0
414 0.267783 0
415 0.267392 0
416 0.267004 0
417 0.266617 0
418 0.266232 0
419 0.265848 0
420 0.265466 0
421 0.265085 0
422 0.264707 0
423 0.264329 0
424 0.263953 0
425 0.263579 0
426 0.263206 0
427 0.262835 0
428 0.262465 0
429 0.262097 0
430 0.261730 0
431 0.261365 0
432 0.261001 0
433 0.260639 0
434 0.260278 0
435 0.259919 0
436 0.259561 0
437 0.259204 0
438 0.258849 0
439 0.258495 0
440 0.258143 0
441 0.257792 0
442 0.257442 0
443 0.257094 0
444 0.256747 0
445 0.256401 0
446 0.256057 0
447 0.255714 0
448 0.255372 0
449 0.255032 0
450 0.254693 0
451 0.254356 0
452 0.254019 0
453 0.253684 0
454 0.253350 0
455 0.253018 0
456 0.252687 0
457 0.252356 0
458 0.252028 0
459 0.251700 0
460 0.251374 0
461 0.251049 0
462 0.250725 0
463 0.250402 0
464 0.250081 0
465 0.249760 0
466 0.249441 0
467 0.249123 0
468 0.248806 0
469 0.248491 0
470 0.248176 0
471 0.247863 0
472 0.247551 0
473 0.247240 0
474 0.246930 0
475 0.246621 0
476 0.246313 0
477 0.246007 0
478 0.245701 0
479 0.245397 0
480 0.245094 0
481 0.244792 0
482 0.244490 0
483 0.244190 0
484 0.243891 0
485 0.243593 0
486 0.243297 0
487 0.243001 0
488 0.242706 0
489 0.242412 0
490 0.242119 0
491 0.241828 0
492 0.241537 0
493 0.241247 0
494 0.240959 0
495 0.240671 0
496 0.240384 0
497 0.240098 0
498 0.239814 0
499 0.239530 0
500 0.239247 0
501 0.238965 0
502 0.238684 0
503 0.238405 0
504 0.238126 0
505 0.237848 0
506 0.237570 0
507 0.237294 0
508 0.237019 0
509 0.236745 0
510 0.236471 0
511 0.236199 0
512 0.235927 0
513 0.235657 0
514 0.235387 0
515 0.235118 0
516 0.234850 0
517 0.234583 0
518 0.234317 0
519 0.234051 0
520 0.233787 0
521 0.233523 0
522 0.233261 0
523 0.232999 0
524 0.232738 0
525 0.232477 0
526 0.232218 0
527 0.231959 0
528 0.231702 0
529 2.498073 0
530 2.040522 0
531 0.715316 0
532 0.238020 0
533 0.507047 0
534 0.397995 0
535 0.239872 0
536 0.239608 0
537 0.239345 0
538 0.239082 0
539 0.238820 0
540 0.238559 0
541 6.035878 0
542 0.241769 0
543 0.692650 0
544 0.242857 0
545 0.242594 0
546 0.242330 0
547 5.087803 0
548 0.725796 0
549 1.123747 0
550 2.410371 0
551 9.030263 0
552 0.945556 0
553 0.476014 0
554 2.142487 0
555 4.301203 0
556 0.262658 0
557 1.617127 0
558 0.264498 0
559 0.264213 0
560 0.000000 0
561 0.262615 0
562 30.670692 5
563 0.256516 5
564 0.256243 0
565 0.255972 0
566 0.255701 0
567 0.562028 0
568 0.152375 0
569 0.229548 0
570 0.788997 0
571 1.137547 0
572 3.629014 0
573 0.263828 0
574 0.263551 0
575 0.263275 0
576 0.000000 0
577 0.224051 0
578 0.223825 0
579 0.223599 0
580 0.223375 0
581 0.223151 0
582 0.222928 0
583 2.157872 0
584 0.225002 0
585 8.085998 0
586 5.876425 0
587 0.231422 0
588 0.231191 0
589 0.230961 0
590 0.230732 0
591 0.230503 0
592 0.230275 0
593 0.230047 0
594 28.918370 5
595 0.165398 5
596 0.165244 0
597 10.475606 0
598 3.461115 0
599 0.171867 0
600 0.316669 0
601 0.172381 0
602 0.172221 0
603 0.172061 0
604 0.615456 0
605 0.172941 0
606 0.306058 0
607 0.173436 0
608 0.173276 0
609 0.173117 0
610 0.172958 0
611 2.468632 0
612 0.175122 0
613 2.212108 0
614 0.177154 0
615 0.176992 0
616 0.016875 0
617 0.177019 0
618 0.176858 0
619 0.176698 0
620 0.176538 0
621 0.176378 0
622 0.176219 0
623 0.176061 0
624 0.175903 0
625 0.175745 0
626 0.175588 0
627 0.175431 0
628 0.175274 0
629 0.175118 0
630 0.174962 0
631 0.174807 0
632 0.174652 0
633 0.174498 0
634 0.174344 0
635 0.174190 0
636 0.174037 0
637 0.173884 0
638 0.173731 0
639 0.173579 0
640 0.173427 0
641 0.173276 0
642 0.173125 0
643 0.172975 0
644 0.172824 0
645 0.172675 0
646 0.172525 0
647 0.172376 0
648 0.172227 0
649 0.172079 0
650 0.171931 0
651 0.171784 0
652 0.171636 0
653 0.171490 0
654 0.171343 0
655 0.171197 0
656 0.171051 0
657 0.170906 0
658 0.170761 0
659 0.170616 0
660 0.170472 0
661 0.170328 0
662 0.170184 0
663 0.170041 0
664 0.169898 0
665 0.169756 0
666 0.169614 0
667 0.169472 0
668 0.169330 0
669 0.169189 0
670 0.169048 0
671 0.168908 0
672 0.168768 0
673 0.168628 0
674 0.168488 0
675 0.168349 0
676 0.168211 0
677 0.168072 0
678 0.167934 0
679 0.167796 0
680 0.167659 0
681 0.167522 0
682 0.167385 0
683 0.167249 0
684 0.167112 0
685 0.166977 0
686 0.166841 0
687 0.166706 0
688 0.166571 0
689 0.166437 0
690 0.166302 0
691 0.166168 0
692 0.166035 0
693 0.165902 0
694 0.165769 0
695 0.165636 0
696 0.165504 0
697 0.165372 0
698 0.165240 0
699 0.165108 0
700 0.164977 0
701 0.164847 0
702 0.164716 0
703 0.164586 0
704 0.164456 0
705 0.164326 0
706 0.164197 0
707 0.164068 0
708 0.163939 0
709 0.163811 0
710 0.163683 0
711 0.163555 0
712 0.163427 0
713 0.163300 0
714 0.163173 0
715 0.163047 0
716 0.162920 0
717 0.162794 0
718 0.162668 0
719 0.162543 0
720 0.162418 0
721 0.162293 0
722 0.162168 0
723 0.162044 0
724 0.161919 0
725 0.161796 0
726 0.161672 0
727 0.161549 0
728 0.161426 0
729 0.161303 0
730 0.161181 0
731 0.161058 0
732 0.160936 0
733 0.160815 0
734 0.160693 0
735 0.160572 0
736 0.160451 0
737 0.160331 0
738 0.160210 0
739 0.160090 0
740 0.159971 0
741 0.159851 0
742 0.159732 0
743 0.159613 0
744 0.159494 0
745 0.159376 0
746 0.159257 0
747 0.159139 0
748 0.159022 0
749 0.158904 0
750 0.158787 0
751 0.158670 0
752 0.158553 0
753 0.158437 0
754 0.158321 0
755 0.158205 0
756 0.158089 0
757 0.157973 0
758 0.157858 0
759 0.157743 0
760 0.157628 0
761 0.157514 0
762 0.157400 0
763 0.157286 0
764 0.157172 0
765 0.157058 0
766 0.156945 0
767 0.156832 0
768 0.156719 0
769 0.156607 0
770 0.156494 0
771 0.156382 0
772 0.156270 0
773 0.156159 0
774 0.156047 0
775 0.155936 0
776 0.155825 0
777 0.155715 0
778 0.155604 0
779 0.155494 0
780 0.155384 0
781 0.155274 0
782 0.155165 0
783 0.155055 0
784 0.154946 0
785 0.154837 0
786 0.154729 0
787 0.154620 0
788 0.154512 0
789 0.154404 0
790 0.154296 0
791 0.154189 0
792 0.154081 0
793 0.153974 0
794 0.153867 0
795 0.153761 0
796 0.153654 0
797 0.153548 0
798 0.153442 0
799 0.153336 0
800 0.153231 0
801 0.153125 0
802 0.153020 0
803 0.152915 0
804 0.152810 0
805 0.152706 0
806 0.152601 0
807 0.152497 0
808 0.152393 0
809 0.152290 0
810 0.152186 0
811 0.152083 0
812 0.151980 0
813 0.151877 0
814 0.965659 0
815 2.275857 0
816 0.212638 0
817 0.154816 0
818 2.428218 0
819 0.156429 0
820 0.543799 0
821 0.202988 0
822 0.157371 0
823 0.157265 0
824 0.157160 0
825 0.150022 0
826 0.157349 0
827 0.157244 0
828 0.202911 0
829 0.630503 0
830 0.158248 0
831 1.649359 0
832 0.159514 0
833 0.159408 0
834 0.159302 0
835 0.053365 0
836 0.001239 0
837 0.159475 0
838 0.009431 0
839 0.365954 0
840 0.159977 0
841 0.390113 0
842 0.209644 0
843 0.477574 0
844 0.163449 0
845 0.161697 0
846 0.161591 0
847 0.161485 0
848 0.161380 0
849 0.161274 0
850 0.161169 0
851 0.161064 0
852 0.160959 0
853 0.414290 0
854 0.072191 0
855 0.161606 0
856 0.161501 0
857 1.650003 0
858 0.303971 0
859 0.163180 0
860 0.163074 0
861 0.162969 0
862 0.162864 0
863 0.149326 0
864 0.163045 0
865 0.162940 0
866 0.162836 0
867 0.327252 0
868 0.163200 0
869 0.072373 0
870 0.979164 0
871 0.164251 0
872 0.164146 0
873 0.164042 0
874 0.163938 0
875 0.163834 0
876 0.273530 0
877 0.039587 0
878 0.209997 0
879 0.164641 0
880 0.164537 0
881 0.164433 0
882 0.164330 0
883 0.164226 0
884 0.164123 0
885 0.164020 0
886 8.120718 0
887 4.192796 0
888 0.168515 0
889 0.168409 0
890 0.168304 0
891 0.168198 0
892 0.168093 0
893 0.167988 0
894 0.167884 0
895 0.167779 0
896 0.167675 0
897 0.167571 0
898 0.167467 0
899 0.167363 0
900 0.167259 0
901 0.167156 0
902 0.167053 0
903 0.166950 0
904 0.166847 0
905 0.166744 0
906 0.166642 0
907 0.166539 0
908 0.166437 0
909 0.166335 0
910 0.166234 0
911 0.166132 0
912 0.166031 0
913 0.165930 0
914 0.165829 0
915 0.165728 0
916 0.165627 0
917 0.165527 0
918 0.165426 0
919 0.165326 0
920 0.165226 0
921 0.165126 0
922 0.165027 0
923 0.164927 0
924 0.164828 0
925 0.164729 0
926 0.164630 0
927 0.164532 0
928 0.164433 0
929 0.164335 0
930 0.164236 0
931 0.164138 0
932 0.164041 0
933 0.163943 0
934 0.163845 0
935 0.163748 0
936 0.163651 0
937 0.163554 0
938 0.163457 0
939 0.163360 0
940 0.163264 0
941 0.163167 0
942 0.163071 0
943 0.162975 0
944 0.162879 0
945 0.162784 0
946 0.162688 0
947 0.162593 0
948 0.162498 0
949 0.162403 0
950 0.162308 0
951 0.162213 0
952 0.162118 0
953 0.162024 0
954 0.161930 0
955 0.161836 0
956 0.161742 0
957 0.161648 0
958 0.161555 0
959 0.161461 0
960 0.161368 0
961 0.161275 0
962 0.161182 0
963 0.161089 0
964 0.160996 0
965 0.160904 0
966 0.160812 0
967 0.160719 0
968 0.160627 0
969 0.160536 0
970 0.160444 0
971 0.160352 0
972 0.160261 0
973 0.160170 0
974 0.160079 0
975 0.159988 0
976 0.159897 0
977 0.159806 0
978 0.159716 0
979 0.159625 0
980 0.159535 0
981 0.159445 0
982 0.159355 0
983 0.159265 0
984 0.159176 0
985 0.159086 0
986 0.158997 0
987 0.158908 0
988 0.158819 0
989 0.158730 0
990 0.158641 0
991 0.158553 0
992 0.158464 0
993 0.158376 0
994 0.158288 0
995 0.158200 0
996 0.158112 0
997 0.158024 0
998 0.157937 0
999 0.157849 0
1000 0.157762 0
1001 0.157675 0
1002 0.157588 0
1003 0.157501 0
1004 0.157414 0
1005 0.157328 0
1006 0.157241 0
1007 0.157155 0
1008 0.157069 0
1009 0.156983 0
1010 0.156897 0
1011 0.156811 0
1012 0.156725 0
1013 0.156640 0
1014 0.156554 0
1015 0.156469 0
1016 0.156384 0
1017 0.156299 0
1018 0.156214 0
1019 0.156130 0
1020 0.156045 0
1021 0.155961 0
1022 0.155876 0
1023 0.155792 0
1024 0.155708 0
1025 0.155624 0
1026 0.155541 0
1027 0.155457 0
1028 0.155374 0
1029 0.155290 0
1030 0.155207 0
1031 0.155124 0
1032 0.155041 0
1033 0.154958 0
1034 0.154875 0
1035 0.154793 0
1036 0.154710 0
1037 0.154628 0
1038 0.154546 0
1039 0.154464 0
1040 0.154382 0
1041 0.154300 0
1042 0.154219 0
1043 0.154137 0
1044 0.154056 0
1045 0.153974 0
1046 0.153893 0
1047 0.153812 0
1048 0.153731 0
1049 0.153650 0
1050 0.153570 0
1051 0.153489 0
1052 0.153409 0
1053 0.153328 0
1054 0.153248 0
1055 0.153168 0
1056 0.153088 0
1057 0.153008 0
1058 0.152929 0
1059 0.152849 0
1060 0.152770 0
1061 0.152690 0
1062 0.152611 0
1063 0.152532 0
1064 0.152453 0
1065 0.152374 0
1066 0.152296 0
1067 0.152217 0
1068 0.152138 0
1069 0.152060 0
1070 0.151982 0
1071 0.151904 0
1072 0.151826 0
1073 0.151748 0
1074 0.151670 0
1075 0.151592 0
1076 0.151515 0
1077 0.151437 0
1078 0.151360 0
1079 0.151283 0
1080 0.151206 0
1081 0.151129 0
1082 0.151052 0
1083 0.150975 0
1084 0.150899 0
1085 0.150822 0
1086 0.150746 0
1087 0.150669 0
1088 0.150593 0
1089 0.150517 0
1090 0.150441 0
1091 0.150365 0
1092 0.150290 0
1093 0.150214 0
1094 0.150139 0
1095 0.150063 0
1096 0.149988 0
1097 0.149913 0
1098 0.149838 0
1099 0.149763 0
1100 0.149688 0
1101 0.149613 0
1102 0.149539 0
1103 0.149464 0
1104 0.149390 0
1105 0.149315 0
1106 0.149241 0
1107 0.149167 0
1108 0.149093 0
1109 0.149019 0
1110 0.148945 0
1111 0.148872 0
1112 0.148798 0
1113 0.148725 0
1114 0.148652 0
1115 0.148578 0
1116 0.148505 0
1117 0.148432 0
1118 0.148359 0
1119 0.148286 0
1120 0.148214 0
1121 0.148141 0
1122 0.148069 0
1123 0.147996 0
1124 0.147924 0
1125 0.147852 0
1126 0.147780 0
1127 0.147708 0
1128 0.147636 0
1129 0.147564 0
1130 0.147493 0
1131 0.147421 0
1132 0.147349 0
1133 0.147278 0
1134 0.147207 0
1135 0.147136 0
1136 0.147065 0
1137 0.146994 0
1138 0.146923 0
1139 0.146852 0
1140 0.146781 0
1141 0.146711 0
1142 0.146640 0
1143 0.109023 0
1144 0.263009 0
1145 0.147038 0
1146 0.208122 0
1147 0.048593 0
1148 0.147337 0
1149 0.000000 0
1150 0.114391 0
1151 0.055518 0
1152 0.055493 0
1153 0.055469 0
1154 0.002982 0
1155 0.011017 0
1156 0.055506 0
1157 0.055481 0
1158 0.030781 0
1159 0.055509 0
1160 1.167423 0
1161 0.074159 0
1162 0.056309 0
1163 0.054109 0
1164 0.056356 0
1165 0.058364 0
1166 0.056408 0
1167 1.396625 0
1168 0.057209 0
1169 0.057184 0
1170 0.028510 0
1171 16.217455 5
1172 0.060350 5
1173 29.027941 5
1174 0.064754 5
1175 0.008366 0
1176 0.026286 0
1177 0.007201 0
1178 0.064848 0
1179 0.035030 0
1180 0.064879 0
1181 0.122629 0
1182 1.714632 0
1183 0.018105 0
1184 0.065968 0
1185 0.002081 0
1186 0.045079 0
1187 0.006609 0
1188 0.010676 0
1189 0.066099 0
1190 0.066070 0
1191 0.066042 0
1192 0.066013 0
1193 0.065984 0
1194 0.065956 0
1195 0.089046 0
1196 0.066031 0
1197 0.066003 0
1198 0.065974 0
1199 0.065946 0
1200 0.065917 0
1201 0.065889 0
1202 0.065860 0
1203 0.065832 0
1204 0.065803 0
1205 0.065775 0
1206 0.065747 0
1207 0.065719 0
1208 0.065690 0
1209 0.065662 0
1210 0.065634 0
1211 0.065606 0
1212 0.065578 0
1213 0.065550 0
1214 0.065522 0
1215 0.065494 0
1216 0.065466 0
1217 0.065438 0
1218 0.065410 0
1219 0.065382 0
1220 0.065355 0
1221 0.065327 0
1222 0.065299 0
1223 0.065272 0
1224 0.065244 0
1225 0.065216 0
1226 0.065189 0
1227 0.065161 0
1228 0.065134 0
1229 0.065106 0
1230 0.065079 0
1231 0.065051 0
1232 0.065024 0
1233 0.064997 0
1234 0.064969 0
1235 0.064942 0
1236 0.064915 0
1237 0.064888 0
1238 0.064861 0
1239 0.064833 0
1240 0.064806 0
1241 0.064779 0
1242 0.064752 0
1243 0.064725 0
1244 0.064698 0
1245 0.064671 0
1246 0.064645 0
1247 0.064618 0
1248 0.064591 0
1249 0.064564 0
1250 0.064537 0
1251 0.064511 0
1252 0.064484 0
1253 0.064457 0
1254 0.064431 0
1255 0.064404 0
1256 0.064377 0
1257 0.064351 0
1258 0.064324 0
1259 0.064298 0
1260 0.064271 0
1261 0.064245 0
1262 0.064219 0
1263 0.064192 0
1264 0.064166 0
1265 0.064140 0
1266 0.064114 0
1267 0.064087 0
1268 0.064061 0
1269 0.064035 0
1270 0.064009 0
1271 0.063983 0
1272 0.063957 0
1273 0.063931 0
1274 0.063905 0
1275 0.063879 0
1276 0.063853 0
1277 0.063827 0
1278 0.063801 0
1279 0.063775 0
1280 0.063749 0
1281 0.063724 0
1282 0.063698 0
1283 0.063672 0
1284 0.063647 0
1285 0.063621 0
1286 0.063595 0
1287 0.063570 0
1288 0.063544 0
1289 0.063519 0
1290 0.063493 0
1291 0.063468 0
1292 0.063442 0
1293 0.063417 0
1294 0.063391 0
1295 0.063366 0
1296 0.063341 0
1297 0.063316 0
1298 0.063290 0
1299 0.063265 0
1300 0.063240 0
1301 0.063215 0
1302 0.063190 0
1303 0.063164 0
1304 0.063139 0
1305 0.063114 0
1306 0.063089 0
1307 0.063064 0
1308 0.063039 0
1309 0.063014 0
1310 0.062990 0
1311 0.062965 0
1312 0.062940 0
1313 0.062915 0
1314 0.062890 0
1315 0.062866 0
1316 0.062841 0
1317 0.062816 0
1318 0.062791 0
1319 0.062767 0
1320 0.062742 0
1321 0.062718 0
1322 0.062693 0
1323 0.062669 0
1324 0.062644 0
1325 0.062620 0
1326 0.062595 0
1327 0.062571 0
1328 0.062546 0
1329 0.062522 0
1330 0.062498 0
1331 0.062473 0
1332 0.062449 0
1333 0.062425 0
1334 0.062401 0
1335 0.062376 0
1336 0.062352 0
1337 0.062328 0
1338 0.062304 0
1339 0.062280 0
1340 0.062256 0
1341 0.062232 0
1342 0.062208 0
1343 0.062184 0
1344 0.062160 0
1345 0.062136 0
1346 0.062112 0
1347 0.062088 0
1348 0.062065 0
1349 0.062041 0
1350 0.062017 0
1351 0.061993 0
1352 0.061970 0
1353 0.061946 0
1354 0.061922 0
1355 0.061899 0
1356 0.061875 0
1357 0.061851 0
1358 0.061828 0
1359 0.061804 0
1360 0.061781 0
1361 0.061757 0
1362 0.061734 0
1363 0.061710 0
1364 0.061687 0
1365 0.061664 0
1366 0.061640 0
1367 0.061617 0
1368 0.061594 0
1369 0.061570 0
1370 0.061547 0
1371 0.061524 0
1372 0.061501 0
1373 0.061478 0
1374 0.030164 0
1375 0.061500 0
1376 0.061477 0
1377 0.061454 0
1378 0.061431 0
1379 0.057767 0
1380 0.457259 0
1381 16.116127 5
1382 0.064408 5
1383 0.064384 0
1384 0.064360 0
1385 0.040536 0
1386 0.064390 0
1387 0.064366 0
1388 0.064342 0
1389 0.064318 0
1390 0.064294 0
1391 0.064270 0
1392 0.064246 0
1393 0.064223 0
1394 0.064459 0
1395 0.031231 0
1396 0.064317 0
1397 0.064293 0
1398 0.064270 0
1399 0.064246 0
1400 0.057660 0
1401 0.064288 0
1402 0.023078 0
1403 0.021120 0
1404 0.064313 0
1405 0.129483 0
1406 0.064405 0
1407 0.222343 0
1408 0.064556 0
1409 0.064532 0
1410 0.007162 0
1411 0.064526 0
1412 0.064503 0
1413 0.064479 0
1414 0.064455 0
1415 0.064432 0
1416 0.064408 0
1417 0.064385 0
1418 0.064361 0
1419 0.064338 0
1420 0.018107 0
1421 0.064351 0
1422 0.096690 0
1423 0.062009 0
1424 0.064488 0
1425 0.047581 0
1426 0.064523 0
1427 0.091772 0
1428 0.064588 0
1429 0.860594 0
1430 0.133287 0
1431 0.128001 0
1432 0.020578 0
1433 0.017360 0
1434 0.004339 0
1435 0.004944 0
1436 0.148627 0
1437 0.001771 0
1438 0.065550 0
1439 0.720456 0
1440 0.028088 0
1441 0.268218 0
1442 0.066191 0
1443 0.066168 0
1444 0.170605 0
1445 0.102805 0
1446 0.066379 0
1447 0.066355 0
1448 0.074985 0
1449 0.066408 0
1450 0.060268 0
1451 0.066451 0
1452 0.066427 0
1453 0.066403 0
1454 0.066379 0
1455 0.066356 0
1456 0.066332 0
1457 0.066309 0
1458 0.176269 0
1459 0.314569 0
1460 0.474295 0
1461 0.073231 0
1462 0.029700 0
1463 0.067030 0
1464 0.067007 0
1465 0.444437 0
1466 0.017666 0
1467 0.029975 0
1468 0.251613 0
1469 0.266582 0
1470 0.067733 0
1471 0.103421 0
1472 0.102079 0
1473 0.138536 0
1474 0.317714 0
1475 0.132126 0
1476 0.068351 0
1477 0.068327 0
1478 0.188970 0
1479 0.028740 0
1480 0.054003 0
1481 0.044251 0
1482 0.072922 0
1483 0.068687 0
1484 0.068663 0
1485 0.068639 0
1486 0.068615 0
1487 0.068591 0
1488 0.068567 0
1489 0.068543 0
1490 0.068519 0
1491 0.068495 0
1492 0.068471 0
1493 0.068448 0
1494 0.068424 0
1495 0.068400 0
1496 0.068376 0
1497 0.068353 0
1498 0.068329 0
1499 0.068305 0
1500 0.068281 0
1501 0.068258 0
1502 0.068234 0
1503 0.068211 0
1504 0.068187 0
1505 0.068164 0
1506 0.068140 0
1507 0.068117 0
1508 0.068093 0
1509 0.068070 0
1510 0.068046 0
1511 0.068023 0
1512 0.068000 0
1513 0.067976 0
1514 0.067953 0
1515 0.067930 0
1516 0.067906 0
1517 0.067883 0
1518 0.067860 0
1519 0.067837 0
1520 0.067814 0
1521 0.067790 0
1522 0.067767 0
1523 0.067744 0
1524 0.067721 0
1525 0.067698 0
1526 0.067675 0
1527 0.067652 0
1528 0.067629 0
1529 0.067606 0
1530 0.067583 0
1531 0.067560 0
1532 0.067537 0
1533 0.067514 0
1534 0.067492 0
1535 0.067469 0
1536 0.067446 0
1537 0.067423 0
1538 0.067400 0
1539 0.067378 0
1540 0.067355 0
1541 0.067332 0
1542 0.067310 0
1543 0.067287 0
1544 0.067264 0
1545 0.067242 0
1546 0.067219 0
1547 0.067197 0
1548 0.067174 0
1549 0.067152 0
1550 0.067129 0
1551 0.067107 0
1552 0.067084 0
1553 0.067062 0
1554 0.067039 0
1555 0.067017 0
1556 0.066995 0
1557 0.066972 0
1558 0.066950 0
1559 0.066928 0
1560 0.066905 0
1561 0.066883 0
1562 0.066861 0
1563 0.066839 0
1564 0.066817 0
1565 0.066794 0
1566 0.066772 0
1567 0.066750 0
1568 0.066728 0
1569 0.066706 0
1570 0.066684 0
1571 0.066662 0
1572 0.066640 0
1573 0.066618 0
1574 0.066596 0
1575 0.066574 0
1576 0.066552 0
1577 0.066530 0
1578 0.066508 0
1579 0.066486 0
1580 0.066465 0
1581 0.066443 0
1582 0.066421 0
1583 0.066399 0
1584 0.066378 0
1585 0.066356 0
1586 0.066334 0
1587 0.066312 0
1588 0.066291 0
1589 0.066269 0
1590 0.066247 0
1591 0.066226 0
1592 0.066204 0
1593 0.066183 0
1594 0.066161 0
1595 0.066140 0
1596 0.066118 0
1597 0.066097 0
1598 0.066075 0
1599 0.066054 0
1600 0.066032 0
1601 0.066011 0
1602 0.065990 0
1603 0.065968 0
1604 0.065947 0
1605 0.065926 0
1606 0.065904 0
1607 0.065883 0
1608 0.065862 0
1609 0.065841 0
1610 0.065819 0
1611 0.065798 0
1612 0.065777 0
1613 0.065756 0
1614 0.065735 0
1615 0.065714 0
1616 0.065693 0
1617 0.065672 0
1618 0.065650 0
1619 0.065629 0
1620 0.065608 0
1621 0.065587 0
1622 0.065566 0
1623 0.065546 0
1624 0.065525 0
1625 0.065504 0
1626 0.065483 0
1627 0.065462 0
1628 0.065441 0
1629 0.065420 0
1630 0.065399 0
1631 0.065379 0
1632 0.065358 0
1633 0.065337 0
1634 0.065316 0
1635 0.065296 0
1636 0.065275 0
1637 0.065254 0
1638 0.065234 0
1639 0.065213 0
1640 0.065192 0
1641 0.065172 0
1642 0.065151 0
1643 0.065131 0
1644 0.065110 0
1645 0.065090 0
1646 0.065069 0
1647 0.065049 0
1648 0.065028 0
1649 0.065008 0
1650 0.064987 0
1651 0.064967 0
1652 0.064947 0
1653 0.064926 0
1654 0.064906 0
1655 0.064886 0
1656 0.064865 0
1657 0.064845 0
1658 0.064825 0
1659 0.064804 0
1660 0.064784 0
1661 0.064764 0
1662 0.064744 0
1663 0.064724 0
1664 0.064703 0
1665 0.064683 0
1666 0.064663 0
1667 0.064643 0
1668 0.064623 0
1669 0.064603 0
1670 0.064583 0
1671 0.064563 0
1672 0.064543 0
1673 0.064523 0
1674 0.064503 0
1675 0.064483 0
1676 0.064463 0
1677 0.064443 0
1678 0.064423 0
1679 0.064403 0
1680 0.064383 0
1681 0.064364 0
1682 0.057470 0
1683 0.105905 0
1684 0.064482 0
1685 0.064462 0
1686 0.064442 0
1687 0.064422 0
1688 0.064403 0
1689 0.064383 0
1690 0.064363 0
1691 0.064343 0
1692 0.064324 0
1693 0.064304 0
1694 0.064284 0
1695 0.064265 0
1696 0.064245 0
1697 0.064225 0
1698 0.064206 0
1699 0.064186 0
1700 0.064167 0
1701 0.064147 0
1702 0.064128 0
1703 0.064108 0
1704 0.064089 0
1705 0.064069 0
1706 0.064050 0
1707 0.064030 0
1708 0.064011 0
1709 0.063991 0
1710 0.063972 0
1711 0.063953 0
1712 0.063933 0
1713 0.063914 0
1714 0.063895 0
1715 0.063875 0
1716 0.063856 0
1717 0.063837 0
1718 0.063818 0
1719 0.063798 0
1720 0.063779 0
1721 0.063760 0
1722 0.063741 0
1723 0.063722 0
1724 0.063702 0
1725 0.063683 0
1726 0.063664 0
1727 0.063645 0
1728 0.063626 0
1729 0.063607 0
1730 0.063588 0
1731 0.063569 0
1732 0.063550 0
1733 0.063531 0
1734 0.063512 0
1735 0.063493 0
1736 0.063474 0
1737 0.063455 0
1738 0.063436 0
1739 0.063417 0
1740 0.063398 0
1741 0.063380 0
1742 0.063361 0
1743 0.063342 0
1744 0.063323 0
1745 0.063304 0
1746 0.063286 0
1747 0.063267 0
1748 0.063248 0
1749 0.063229 0
1750 0.063211 0
1751 0.063192 0
1752 0.063173 0
1753 0.063155 0
1754 0.063136 0
1755 0.063117 0
1756 0.063099 0
1757 0.063080 0
1758 0.063062 0
1759 0.063043 0
1760 0.063024 0
1761 0.063006 0
1762 0.062987 0
1763 0.062969 0
1764 0.062950 0
1765 0.062932 0
1766 0.062914 0
1767 0.062895 0
1768 0.062877 0
1769 0.062858 0
1770 0.062840 0
1771 0.062822 0
1772 0.062803 0
1773 0.062785 0
1774 0.062766 0
1775 0.062748 0
1776 0.062730 0
1777 0.062712 0
1778 0.062693 0
1779 0.062675 0
1780 0.062657 0
1781 0.062639 0
1782 0.062620 0
1783 0.062602 0
1784 0.062584 0
1785 0.062566 0
1786 0.062548 0
1787 0.062530 0
1788 0.062512 0
1789 0.062494 0
1790 0.062476 0
1791 0.062457 0
1792 0.062439 0
1793 0.062421 0
1794 0.062403 0
1795 0.062385 0
1796 0.062367 0
1797 0.062349 0
1798 0.062331 0
1799 0.062314 0
1800 0.062296 0
1801 0.062278 0
1802 0.062260 0
1803 0.062242 0
1804 0.062224 0
1805 0.062206 0
1806 0.062188 0
1807 0.062171 0
1808 0.062153 0
1809 0.062135 0
1810 0.062117 0
1811 0.062100 0
1812 0.062082 0
1813 0.062064 0
1814 0.062046 0
1815 0.062029 0
1816 0.062011 0
1817 0.061993 0
1818 0.061976 0
1819 0.061958 0
1820 0.061941 0
1821 0.061923 0
1822 0.061905 0
1823 0.061888 0
1824 0.061870 0
1825 0.061853 0
1826 0.061835 0
1827 0.061818 0
1828 0.061800 0
1829 0.061783 0
1830 0.061765 0
1831 0.061748 0
1832 0.061730 0
1833 0.061713 0
1834 0.061695 0
1835 0.061678 0
1836 0.061661 0
1837 0.061643 0
1838 0.061626 0
1839 0.061609 0
1840 0.061591 0
1841 0.061574 0
1842 0.061557 0
1843 0.061539 0
1844 0.061522 0
1845 0.061505 0
1846 0.061488 0
1847 0.061470 0
1848 0.061453 0
1849 0.061436 0
1850 0.061419 0
1851 0.061402 0
1852 0.061385 0
1853 0.061367 0
1854 0.061350 0
1855 0.061333 0
1856 0.061316 0
1857 0.061299 0
1858 0.061282 0
1859 0.061265 0
1860 0.061248 0
1861 0.061231 0
1862 0.061214 0
1863 0.061197 0
1864 0.061180 0
1865 0.061163 0
1866 0.061146 0
1867 0.061129 0
1868 0.061112 0
1869 0.061095 0
1870 0.061078 0
1871 0.061061 0
1872 0.061045 0
1873 0.061028 0
1874 0.061011 0
1875 0.060994 0
1876 0.060977 0
1877 0.060960 0
1878 0.060944 0
1879 0.060927 0
1880 0.060910 0
1881 0.060893 0
1882 0.060877 0
1883 0.060860 0
1884 0.060843 0
1885 0.060827 0
1886 0.060810 0
1887 0.060793 0
1888 0.060777 0
1889 0.060760 0
1890 0.060743 0
1891 0.060727 0
1892 0.060710 0
1893 0.060694 0
1894 0.060677 0
1895 0.060660 0
1896 0.060644 0
1897 0.060627 0
1898 0.060611 0
1899 0.060594 0
1900 0.060578 0
1901 0.060561 0
1902 0.060545 0
1903 0.060528 0
1904 0.060512 0
1905 0.060496 0
1906 0.060479 0
1907 0.060463 0
1908 0.060446 0
1909 0.060430 0
1910 0.060414 0
1911 0.060397 0
1912 0.060381 0
1913 0.060365 0
1914 0.060348 0
1915 0.060332 0
1916 0.060316 0
1917 0.060300 0
1918 0.060283 0
1919 0.060267 0
1920 0.060251 0
1921 0.060235 0
1922 0.060218 0
1923 0.060202 0
1924 0.060186 0
1925 0.060170 0
1926 0.060154 0
1927 0.060138 0
1928 0.060122 0
1929 0.060105 0
1930 0.060089 0
1931 0.060073 0
1932 0.060057 0
1933 0.060041 0
1934 0.060025 0
1935 0.060009 0
1936 0.059993 0
1937 0.059977 0
1938 0.059961 0
1939 0.059945 0
1940 0.059929 0
1941 0.059913 0
1942 0.059897 0
1943 0.059881 0
1944 0.059865 0
1945 0.059849 0
1946 0.059834 0
1947 0.059818 0
1948 0.059802 0
1949 0.059786 0
1950 0.059770 0
1951 0.059754 0
1952 0.059738 0
1953 0.059723 0
1954 0.059707 0
1955 0.059691 0
1956 0.059675 0
1957 0.059660 0
1958 0.059644 0
1959 0.059628 0
1960 0.059612 0
1961 0.059597 0
1962 0.059581 0
1963 0.059565 0
1964 0.059550 0
1965 0.059534 0
1966 0.059518 0
1967 0.059503 0
1968 0.059487 0
1969 0.059471 0
1970 0.059456 0
1971 0.059440 0
1972 0.059425 0
1973 0.059409 0
1974 0.059394 0
1975 0.059378 0
1976 0.059363 0
1977 0.059347 0
1978 0.059331 0
1979 0.059316 0
1980 0.059301 0
1981 0.059285 0
1982 0.059270 0
1983 0.059254 0
1984 0.059239 0
1985 0.059223 0
1986 0.059208 0
1987 0.059193 0
1988 0.059177 0
1989 0.059162 0
1990 0.059146 0
1991 0.059131 0
1992 0.059116 0
1993 0.059100 0
1994 0.059085 0
1995 0.059070 0
1996 0.059055 0
1997 0.059039 0
1998 0.059024 0
1999 0.059009 0
2000 0.058994 0
2001 0.058978 0
2002 0.058963 0
2003 0.058948 0
2004 0.058933 0
2005 0.058917 0
2006 0.058902 0
2007 0.058887 0
2008 0.058872 0
2009 0.058857 0
2010 0.058842 0
2011 0.058827 0
2012 0.058812 0
2013 0.058796 0
2014 0.058781 0
2015 0.058766 0
2016 0.058751 0
2017 0.058736 0
2018 0.058721 0
2019 0.058706 0
2020 0.058691 0
2021 0.058676 0
2022 0.058661 0
2023 0.058646 0
2024 0.058631 0
2025 0.058616 0
2026 0.058601 0
2027 0.058586 0
2028 0.058572 0
2029 0.058557 0
2030 0.058542 0
2031 0.058527 0
2032 0.058512 0
2033 0.058497 0
2034 0.058482 0
2035 0.058467 0
2036 0.058453 0
2037 0.058438 0
2038 0.058423 0
2039 0.058408 0
2040 0.058393 0
2041 0.058379 0
2042 0.058364 0
2043 0.058349 0
2044 0.058334 0
2045 0.058320 0
2046 0.058305 0
2047 0.058290 0
2048 0.058276 0
2049 0.058261 0
2050 0.058246 0
2051 0.058232 0
2052 0.058217 0
2053 0.058202 0
2054 0.058188 0
2055 0.058173 0
2056 0.058158 0
2057 0.058144 0
2058 0.058129 0
2059 0.058115 0
2060 0.058100 0
2061 0.058085 0
2062 0.058071 0
2063 0.058056 0
2064 0.058042 0
2065 0.058027 0
2066 0.058013 0
2067 0.057998 0
2068 0.057984 0
2069 0.057969 0
2070 0.057955 0
2071 0.057941 0
2072 0.057926 0
2073 0.057912 0
2074 0.057897 0
2075 0.057883 0
2076 0.057869 0
2077 0.057854 0
2078 0.057840 0
2079 0.057825 0
2080 0.057811 0
2081 0.057797 0
2082 0.057782 0
2083 0.057768 0
2084 0.057754 0
2085 0.057739 0
2086 0.057725 0
2087 0.057711 0
2088 0.057697 0
2089 0.057682 0
2090 0.057668 0
2091 0.057654 0
2092 0.057640 0
2093 0.057625 0
2094 0.057611 0
2095 0.057597 0
2096 0.057583 0
2097 0.057569 0
2098 0.057555 0
2099 0.057540 0
2100 0.057526 0
2101 0.057512 0
2102 0.057498 0
2103 0.057484 0
2104 0.057470 0
2105 0.057456 0
2106 0.057442 0
2107 0.057428 0
2108 0.057414 0
2109 0.057399 0
2110 0.057385 0
2111 0.057371 0
2112 0.057357 0
2113 0.057343 0
2114 0.057329 0
2115 0.057315 0
2116 0.057301 0
2117 0.057287 0
2118 0.057274 0
2119 0.057260 0
2120 0.057246 0
2121 0.057232 0
2122 0.057218 0
2123 0.057204 0
2124 0.057190 0
2125 0.057176 0
2126 0.057162 0
2127 0.057148 0
2128 0.057135 0
2129 0.057121 0
2130 0.057107 0
2131 0.057093 0
2132 0.057079 0
2133 0.057065 0
2134 0.057052 0
2135 0.057038 0
2136 0.057024 0
2137 0.057010 0
2138 0.056997 0
2139 0.056983 0
2140 0.056969 0
2141 0.056955 0
2142 0.056942 0
2143 0.056928 0
2144 0.056914 0
2145 0.056900 0
2146 0.056887 0
2147 0.056873 0
2148 0.056859 0
2149 0.056846 0
2150 0.056832 0
2151 0.056819 0
2152 0.056805 0
2153 0.056791 0
2154 0.056778 0
2155 0.056764 0
2156 0.056751 0
2157 0.056737 0
2158 0.056723 0
2159 0.056710 0
2160 0.056696 0
2161 0.056683 0
2162 0.056669 0
2163 0.056656 0
2164 0.056642 0
2165 0.056629 0
2166 0.056615 0
2167 0.056602 0
2168 0.056588 0
2169 0.056575 0
2170 0.056561 0
2171 0.056548 0
2172 0.056535 0
2173 0.056521 0
2174 0.056508 0
2175 0.056494 0
2176 0.056481 0
2177 0.056468 0
2178 0.056454 0
2179 0.056441 0
2180 0.056428 0
2181 0.056414 0
2182 0.056401 0
2183 0.056388 0
2184 0.056374 0
2185 0.056361 0
2186 0.056348 0
2187 0.056334 0
2188 0.056321 0
2189 0.056308 0
2190 0.056295 0
2191 0.056281 0
2192 0.056268 0
2193 0.056255 0
2194 0.056242 0
2195 0.056228 0
2196 0.056215 0
2197 0.056202 0
2198 0.056189 0
2199 0.056176 0
2200 0.056162 0
2201 0.056149 0
2202 0.056136 0
2203 0.056123 0
2204 0.056110 0
2205 0.056097 0
2206 0.056084 0
2207 0.056071 0
2208 0.056057 0
2209 0.056044 0
2210 0.056031 0
2211 0.056018 0
2212 0.056005 0
2213 0.055992 0
2214 0.055979 0
2215 0.055966 0
2216 0.055953 0
2217 0.055940 0
2218 0.055927 0
2219 0.055914 0
2220 0.055901 0
2221 0.055888 0
2222 0.055875 0
2223 0.055862 0
2224 0.055849 0
2225 0.055836 0
2226 0.055823 0
2227 0.055810 0
2228 0.055797 0
2229 0.055785 0
2230 0.055772 0
2231 0.055759 0
2232 0.055746 0
2233 0.055733 0
2234 0.065291 0
2235 0.518721 0
2236 0.131367 0
2237 0.056043 0
2238 0.056030 0
2239 0.056017 0
2240 0.174335 0
2241 0.056093 0
2242 0.056080 0
2243 0.056067 0
2244 0.056054 0
2245 0.056041 0
2246 0.665272 0
2247 0.138991 0
2248 0.094307 0
2249 0.056409 0
2250 0.056396 0
2251 0.187764 0
2252 0.039014 0
2253 0.121369 0
2254 0.180508 0
2255 0.167323 0
2256 0.056749 0
2257 0.056736 0
2258 0.056723 0
2259 0.056710 0
2260 0.056697 0
2261 0.056684 0
2262 0.056671 0
2263 0.056658 0
2264 0.056645 0
2265 0.056632 0
2266 0.056620 0
2267 0.056607 0
2268 0.056594 0
2269 0.056581 0
2270 0.056568 0
2271 0.056555 0
2272 0.056542 0
2273 0.056530 0
2274 0.056517 0
2275 0.056504 0
2276 0.056491 0
2277 0.056478 0
2278 0.056466 0
2279 0.056453 0
2280 0.056440 0
2281 0.056427 0
2282 0.056414 0
2283 0.056402 0
2284 0.056389 0
2285 0.056376 0
2286 3.443309 0
2287 0.057108 0
2288 0.057095 0
2289 0.057082 0
2290 0.057070 0
2291 0.057057 0
2292 0.057044 0
2293 0.057031 0
2294 0.057018 0
2295 0.057005 0
2296 0.056993 0
2297 0.056980 0
2298 0.056967 0
2299 0.056954 0
2300 0.056941 0
2301 0.056929 0
2302 0.056916 0
2303 0.056903 0
2304 0.056890 0
2305 0.056878 0
2306 0.056865 0
2307 0.056852 0
2308 0.056840 0
2309 0.056827 0
2310 0.056814 0
2311 0.056801 0
2312 0.056789 0
2313 0.056776 0
2314 0.056763 0
2315 0.056751 0
2316 0.056738 0
2317 0.056726 0
2318 0.056713 0
2319 0.056700 0
2320 0.056688 0
2321 0.056675 0
2322 0.056663 0
2323 0.056650 0
2324 0.056637 0
2325 0.056625 0
2326 0.056612 0
2327 0.056600 0
2328 0.056587 0
2329 0.056575 0
2330 0.056562 0
2331 0.056550 0
2332 0.056537 0
2333 0.056525 0
2334 0.056512 0
2335 0.056500 0
2336 0.056487 0
2337 0.056475 0
2338 0.056462 0
2339 0.056450 0
2340 0.056437 0
2341 0.056425 0
2342 0.056412 0
2343 0.056400 0
2344 0.056388 0
2345 0.056375 0
2346 0.056363 0
2347 0.056350 0
2348 0.056338 0
2349 0.056326 0
2350 0.056313 0
2351 0.056301 0
2352 0.056289 0
2353 0.056276 0
2354 0.056264 0
2355 0.056252 0
2356 0.056239 0
2357 0.056227 0
2358 0.056215 0
2359 0.056202 0
2360 0.056190 0
2361 0.056178 0
2362 0.056166 0
2363 0.056153 0
2364 0.056141 0
2365 0.056129 0
2366 0.056117 0
2367 0.056104 0
2368 0.056092 0
2369 0.056080 0
2370 0.056068 0
2371 0.056056 0
2372 0.056043 0
2373 0.056031 0
2374 0.056019 0
2375 0.056007 0
2376 0.055995 0
2377 0.055983 0
2378 0.055970 0
2379 0.055958 0
2380 0.055946 0
2381 0.055934 0
2382 0.055922 0
2383 0.055910 0
2384 0.055898 0
2385 0.055886 0
2386 0.055874 0
2387 0.055862 0
2388 0.055850 0
2389 0.055837 0
2390 0.055825 0
2391 0.055813 0
2392 0.055801 0
2393 0.055789 0
2394 0.055777 0
2395 0.055765 0
2396 0.055753 0
2397 0.055741 0
2398 0.055729 0
2399 0.055717 0
2400 0.055705 0
2401 0.055693 0
2402 0.055682 0
2403 0.055670 0
2404 0.055658 0
2405 0.055646 0
2406 0.055634 0
2407 0.055622 0
2408 0.055610 0
2409 0.055598 0
2410 0.055586 0
2411 0.055574 0
2412 0.055562 0
2413 0.055551 0
2414 0.055539 0
2415 0.055527 0
2416 0.055515 0
2417 0.055503 0
2418 0.055491 0
2419 0.055479 0
2420 0.055468 0
2421 0.055456 0
2422 0.055444 0
2423 0.055432 0
2424 0.055420 0
2425 0.055409 0
2426 0.055397 0
2427 0.055385 0
2428 0.055373 0
2429 0.055362 0
2430 0.055350 0
2431 0.055338 0
2432 0.055326 0
2433 0.055315 0
2434 0.055303 0
2435 0.055291 0
2436 0.055280 0
2437 0.055268 0
2438 0.055256 0
2439 0.055245 0
2440 0.055233 0
2441 0.055221 0
2442 0.055210 0
2443 0.055198 0
2444 0.055186 0
2445 0.055175 0
2446 0.055163 0
2447 0.055151 0
2448 0.055140 0
2449 0.841503 0
2450 0.055403 0
2451 0.055391 0
2452 0.055380 0
2453 0.055368 0
2454 0.055357 0
2455 0.055345 0
2456 0.036768 0
2457 0.000751 0
2458 0.028900 0
2459 0.091528 0
2460 0.055445 0
2461 0.055434 0
2462 0.055422 0
2463 0.055410 0
2464 0.069682 0
2465 0.052572 0
2466 0.100669 0
2467 0.000000 0
2468 0.057495 0
2469 0.057483 0
2470 0.057471 0
2471 0.277693 0
2472 0.794006 0
2473 0.057836 0
2474 0.057824 0
2475 0.057812 0
2476 0.057800 0
2477 0.728595 0
2478 0.058033 0
2479 0.058021 0
2480 0.058009 0
2481 0.057997 0
2482 0.898592 0
2483 0.058271 0
2484 0.058259 0
2485 0.118760 0
2486 0.058306 0
2487 0.058294 0
2488 0.015249 0
2489 0.058300 0
2490 0.058288 0
2491 0.058276 0
2492 3.548245 0
2493 0.058959 0
2494 0.085244 0
2495 0.058993 0
2496 0.058981 0
2497 0.058969 0
2498 0.058957 0
2499 0.058945 0
2500 0.058932 0
2501 0.304327 0
2502 0.059044 0
2503 0.059032 0
2504 3.228849 0
2505 0.059674 0
2506 0.059662 0
2507 0.059650 0
2508 0.059638 0
2509 8.402394 0
2510 0.233302 0
2511 0.104504 0
2512 0.014316 0
2513 0.192161 0
2514 0.097570 0
2515 0.190562 0
2516 0.000000 0
2517 0.158304 0
2518 0.093796 0
2519 0.752825 0
2520 0.271312 0
2521 0.032505 0
2522 0.013971 0
2523 0.039541 0
2524 0.019583 0
2525 0.108182 0
2526 0.083484 0
2527 0.364488 0
2528 0.064143 0
2529 0.064130 0
2530 0.064117 0
2531 0.064104 0
2532 0.064091 0
2533 0.064078 0
2534 0.064065 0
2535 0.064051 0
2536 0.064038 0
2537 0.064025 0
2538 0.064012 0
2539 0.063999 0
2540 2.252559 0
2541 0.064506 0
2542 0.064493 0
2543 0.064480 0
2544 0.064467 0
2545 0.064453 0
2546 0.064440 0
2547 0.251424 0
2548 0.064533 0
2549 0.052411 0
2550 0.064555 0
2551 0.055679 0
2552 0.005249 0
2553 0.037831 0
2554 0.020218 0
2555 0.064625 0
2556 0.024719 0
2557 0.004321 0
2558 0.135646 0
2559 0.024425 0
2560 0.031925 0
2561 0.001017 0
2562 0.064779 0
2563 0.064766 0
2564 0.064753 0
2565 0.064739 0
2566 0.064726 0
2567 0.064713 0
2568 0.064700 0
2569 0.226208 0
2570 0.064784 0
2571 0.064771 0
2572 0.064758 0
2573 0.064745 0
2574 0.064732 0
2575 0.064719 0
2576 0.064706 0
2577 0.064693 0
2578 0.064680 0
2579 0.064667 0
2580 0.064654 0
2581 0.064641 0
2582 0.064628 0
2583 0.064615 0
2584 0.064602 0
2585 0.064589 0
2586 0.064576 0
2587 0.064563 0
2588 0.064550 0
2589 0.064537 0
2590 0.064524 0
2591 0.064511 0
2592 0.064498 0
2593 0.064486 0
2594 0.064473 0
2595 0.064460 0
2596 0.064447 0
2597 0.064434 0
2598 0.064421 0
2599 0.064408 0
2600 0.064396 0
2601 0.064383 0
2602 0.064370 0
2603 0.064357 0
2604 0.064344 0
2605 0.064331 0
2606 0.064319 0
2607 0.064306 0
2608 0.064293 0
2609 0.064280 0
2610 0.064268 0
2611 0.064255 0
2612 0.064242 0
2613 0.064229 0
2614 0.064217 0
2615 0.064204 0
2616 0.064191 0
2617 0.064178 0
2618 0.064166 0
2619 0.064153 0
2620 0.064140 0
2621 0.064128 0
2622 0.064115 0
2623 0.064102 0
2624 0.064090 0
2625 0.064077 0
2626 0.064064 0
2627 0.064052 0
2628 0.064039 0
2629 0.064026 0
2630 0.064014 0
2631 0.064001 0
2632 0.063989 0
2633 0.063976 0
2634 0.063963 0
2635 0.063951 0
2636 0.063938 0
2637 0.063926 0
2638 0.063913 0
2639 0.063901 0
2640 0.063888 0
2641 0.063876 0
2642 0.063863 0
2643 0.063851 0
2644 0.063838 0
2645 0.063826 0
2646 0.063813 0
2647 0.063801 0
2648 0.063788 0
2649 0.063776 0
2650 0.063763 0
2651 0.063751 0
2652 0.063738 0
2653 0.063726 0
2654 0.063713 0
2655 0.063701 0
2656 0.063688 0
2657 0.063676 0
2658 0.063664 0
2659 0.063651 0
2660 0.063639 0
2661 0.063626 0
2662 0.063614 0
2663 0.063602 0
2664 0.063589 0
2665 0.063577 0
2666 0.063565 0
2667 0.063552 0
2668 0.063540 0
2669 0.063528 0
2670 0.063515 0
2671 0.063503 0
2672 0.063491 0
2673 0.063478 0
2674 0.063466 0
2675 0.063454 0
2676 0.063441 0
2677 0.063429 0
2678 0.063417 0
2679 0.063405 0
2680 0.063392 0
2681 0.063380 0
2682 0.063368 0
2683 0.063356 0
2684 0.063343 0
2685 0.063331 0
2686 0.063319 0
2687 0.063307 0
2688 0.063295 0
2689 0.063282 0
2690 0.063270 0
2691 0.063258 0
2692 0.063246 0
2693 0.063234 0
2694 0.063222 0
2695 0.063209 0
2696 0.063197 0
2697 0.063185 0
2698 0.063173 0
2699 0.063161 0
2700 0.063149 0
2701 0.063137 0
2702 0.063125 0
2703 0.063112 0
2704 0.063100 0
2705 0.063088 0
2706 0.063076 0
2707 0.063064 0
2708 0.063052 0
2709 0.063040 0
2710 0.063028 0
2711 0.063016 0
2712 0.063004 0
2713 0.062992 0
2714 0.062980 0
2715 0.062968 0
2716 0.062956 0
2717 0.062944 0
2718 0.062932 0
2719 0.062920 0
2720 0.062908 0
2721 0.062896 0
2722 0.062884 0
2723 0.062872 0
2724 0.062860 0
2725 0.062848 0
2726 0.062836 0
2727 0.062824 0
2728 0.062812 0
2729 0.062800 0
2730 0.062788 0
2731 0.062777 0
2732 0.062765 0
2733 0.062753 0
2734 0.062741 0
2735 0.062729 0
2736 0.062717 0
2737 0.062705 0
2738 0.062693 0
2739 0.062682 0
2740 0.062670 0
2741 0.062658 0
2742 0.062646 0
2743 0.062634 0
2744 0.062622 0
2745 0.062611 0
2746 0.062599 0
2747 0.062587 0
2748 0.062575 0
2749 0.062563 0
2750 0.062552 0
2751 0.062540 0
2752 0.062528 0
2753 0.062516 0
2754 0.062505 0
2755 0.062493 0
2756 0.062481 0
2757 0.062469 0
2758 0.062458 0
2759 0.062446 0
2760 0.062434 0
2761 0.062422 0
2762 0.062411 0
2763 0.062399 0
2764 0.062387 0
2765 0.062376 0
2766 0.062364 0
2767 0.062352 0
2768 0.062341 0
2769 0.062329 0
2770 0.062317 0
2771 0.062306 0
2772 0.062294 0
2773 0.062283 0
2774 0.062271 0
2775 0.062259 0
2776 0.062248 0
2777 0.062236 0
2778 0.062224 0
2779 0.062213 0
2780 0.062201 0
2781 0.062190 0
2782 0.062178 0
2783 0.062167 0
2784 0.062155 0
2785 0.062143 0
2786 0.062132 0
2787 0.062120 0
2788 0.062109 0
2789 0.062097 0
2790 0.062086 0
2791 0.062074 0
2792 0.062063 0
2793 0.062051 0
2794 0.062040 0
2795 0.062028 0
2796 0.062017 0
2797 0.062005 0
2798 0.061994 0
2799 0.061982 0
2800 0.061971 0
2801 0.061960 0
2802 0.061948 0
2803 0.061937 0
2804 0.061925 0
2805 0.061914 0
2806 0.061902 0
2807 0.061891 0
2808 0.061880 0
2809 0.061868 0
2810 0.061857 0
2811 0.061845 0
2812 0.061834 0
2813 0.061823 0
2814 0.061811 0
2815 0.061800 0
2816 0.061789 0
2817 0.061777 0
2818 0.061766 0
2819 0.061754 0
2820 0.061743 0
2821 0.061732 0
2822 0.061720 0
2823 0.061709 0
2824 0.061698 0
2825 0.061687 0
2826 0.061675 0
2827 0.061664 0
2828 0.061653 0
2829 0.061641 0
2830 0.061630 0
2831 0.061619 0
2832 0.061608 0
2833 0.061596 0
2834 0.061585 0
2835 0.061574 0
2836 0.061563 0
2837 0.061551 0
2838 0.061540 0
2839 0.061529 0
2840 0.061518 0
2841 0.061507 0
2842 0.061495 0
2843 0.306524 0
2844 0.061594 0
2845 1.082025 0
2846 0.061869 0
2847 0.061857 0
2848 0.061846 0
2849 0.061835 0
2850 0.061824 0
2851 0.061813 0
2852 0.061801 0
2853 0.061790 0
2854 0.061779 0
2855 0.061768 0
2856 0.061757 0
2857 0.061745 0
2858 0.061734 0
2859 0.061723 0
2860 0.061712 0
2861 0.061701 0
2862 0.061689 0
2863 0.061678 0
2864 0.061667 0
2865 0.061656 0
2866 0.061645 0
2867 0.061634 0
2868 0.061623 0
2869 0.061612 0
2870 0.061600 0
2871 0.061589 0
2872 0.061578 0
2873 0.061567 0
2874 0.061556 0
2875 0.061545 0
2876 0.061534 0
2877 0.061523 0
2878 0.061512 0
2879 0.061501 0
2880 0.061490 0
2881 0.061479 0
2882 0.061468 0
2883 0.061457 0
2884 0.061446 0
2885 0.061435 0
2886 0.061424 0
2887 0.061413 0
2888 0.061402 0
2889 0.061391 0
2890 0.061380 0
2891 0.061369 0
2892 0.061358 0
2893 0.061347 0
2894 0.061336 0
2895 0.061325 0
2896 0.061314 0
2897 0.061303 0
2898 0.061292 0
2899 0.061281 0
2900 0.061270 0
2901 0.061259 0
2902 0.061248 0
2903 0.061237 0
2904 0.061226 0
2905 0.061215 0
2906 0.061204 0
2907 0.061194 0
2908 0.061183 0
2909 0.061172 0
2910 0.061161 0
2911 0.061150 0
2912 0.061139 0
2913 0.061128 0
2914 0.061118 0
2915 0.061107 0
2916 0.061096 0
2917 0.061085 0
2918 0.061074 0
2919 0.061063 0
2920 0.061053 0
2921 0.061042 0
2922 0.061031 0
2923 0.061020 0
2924 0.061009 0
2925 0.060999 0
2926 0.060988 0
2927 0.060977 0
2928 0.060966 0
2929 0.060955 0
2930 0.060945 0
2931 0.060934 0
2932 0.060923 0
2933 0.060912 0
2934 0.060902 0
2935 0.060891 0
2936 0.060880 0
2937 0.060870 0
2938 0.060859 0
2939 0.060848 0
2940 0.060837 0
2941 0.060827 0
2942 0.060816 0
2943 0.060805 0
2944 0.060795 0
2945 0.060784 0
2946 0.060773 0
2947 0.060763 0
2948 0.060752 0
2949 0.060741 0
2950 0.060731 0
2951 0.060720 0
2952 0.060709 0
2953 0.060699 0
2954 0.060688 0
2955 0.060677 0
2956 0.060667 0
2957 0.060656 0
2958 0.060646 0
2959 0.060635 0
2960 0.060624 0
2961 0.060614 0
2962 0.060603 0
2963 0.060593 0
2964 0.060582 0
2965 0.060572 0
2966 0.060561 0
2967 0.060550 0
2968 0.060540 0
2969 0.060529 0
2970 0.060519 0
2971 0.060508 0
2972 0.060498 0
2973 0.060487 0
2974 0.060477 0
2975 0.060466 0
2976 0.060456 0
2977 0.060445 0
2978 0.060435 0
2979 0.060424 0
2980 0.060414 0
2981 0.060403 0
2982 0.060393 0
2983 0.060382 0
2984 0.060372 0
2985 0.060361 0
2986 0.060351 0
2987 0.060341 0
2988 0.060330 0
2989 0.060320 0
2990 0.060309 0
2991 0.060299 0
2992 0.060288 0
2993 0.060278 0
2994 0.060268 0
2995 0.060257 0
2996 0.060247 0
2997 0.060236 0
2998 0.060226 0
2999 0.060216 0
3000 0.060205 0
3001 0.060195 0
3002 0.060184 0
3003 0.060174 0
3004 0.060164 0
3005 0.060153 0
3006 0.060143 0
3007 0.060133 0
3008 0.060122 0
3009 0.060112 0
3010 0.060102 0
3011 0.060091 0
3012 0.060081 0
3013 0.060071 0
3014 0.060060 0
3015 0.060050 0
3016 0.060040 0
3017 0.060030 0
3018 0.060019 0
3019 0.060009 0
3020 0.059999 0
3021 0.059989 0
3022 0.059978 0
3023 0.059968 0
3024 0.059958 0
3025 0.059948 0
3026 0.059937 0
3027 0.059927 0
3028 0.059917 0
3029 0.059907 0
3030 0.059896 0
3031 0.059886 0
3032 0.059876 0
3033 0.059866 0
3034 0.059856 0
3035 0.059845 0
3036 0.059835 0
3037 0.059825 0
3038 0.059815 0
3039 0.059805 0
3040 0.059794 0
3041 0.059784 0
3042 0.059774 0
3043 0.059764 0
3044 0.059754 0
3045 0.059744 0
3046 0.059734 0
3047 0.059723 0
3048 0.059713 0
3049 0.059703 0
3050 0.059693 0
3051 0.059683 0
3052 0.059673 0
3053 0.059663 0
3054 6.305850 0
3055 0.634344 0
3056 0.060607 0
3057 0.060597 0
3058 1.799737 0
3059 0.060960 0
3060 0.060950 0
3061 0.060940 0
3062 0.060930 0
3063 0.060919 0
3064 0.060909 0
3065 0.060899 0
3066 0.060888 0
3067 0.060878 0
3068 0.060868 0
3069 0.060858 0
3070 0.060847 0
3071 0.060837 0
3072 0.060827 0
3073 0.060817 0
3074 0.060806 0
3075 0.060796 0
3076 0.060786 0
3077 0.060776 0
3078 0.060766 0
3079 0.060755 0
3080 0.060745 0
3081 0.060735 0
3082 0.060725 0
3083 0.060715 0
3084 0.060704 0
3085 0.060694 0
3086 0.060684 0
3087 0.060674 0
3088 0.060664 0
3089 0.060654 0
3090 0.060643 0
3091 0.060633 0
3092 0.060623 0
3093 0.060613 0
3094 0.060603 0
3095 0.060593 0
3096 0.060583 0
3097 0.060573 0
3098 0.060562 0
3099 0.060552 0
3100 0.060542 0
3101 0.060532 0
3102 11.331230 0
3103 0.061532 0
3104 0.061521 0
3105 0.061511 0
3106 0.061501 0
3107 0.061491 0
3108 0.061480 0
3109 0.061470 0
3110 0.061460 0
3111 0.061450 0
3112 0.061440 0
3113 0.061429 0
3114 0.061419 0
3115 0.061409 0
3116 0.061399 0
3117 0.061389 0
3118 0.061378 0
3119 0.061368 0
3120 0.061358 0
3121 0.061348 0
3122 0.061338 0
3123 0.061327 0
3124 0.061317 0
3125 0.061307 0
3126 0.061297 0
3127 0.061287 0
3128 0.061277 0
3129 0.061267 0
3130 0.061256 0
3131 0.061246 0
3132 0.061236 0
3133 0.061226 0
3134 0.061216 0
3135 0.061206 0
3136 0.061196 0
3137 0.061186 0
3138 0.061176 0
3139 0.061166 0
3140 0.061156 0
3141 0.061145 0
3142 0.061135 0
3143 0.061125 0
3144 0.061115 0
3145 0.061105 0
3146 0.061095 0
3147 0.061085 0
3148 0.061075 0
3149 0.061065 0
3150 0.061055 0
3151 0.061045 0
3152 0.061035 0
3153 0.061025 0
3154 0.061015 0
3155 0.061005 0
3156 0.060995 0
3157 0.060985 0
3158 0.060975 0
3159 0.060965 0
3160 0.060955 0
3161 0.060945 0
3162 0.060935 0
3163 0.060925 0
3164 0.060915 0
3165 0.060905 0
3166 0.060895 0
3167 0.060885 0
3168 0.060875 0
3169 0.060865 0
3170 0.060855 0
3171 0.060846 0
3172 0.060836 0
3173 0.060826 0
3174 0.060816 0
3175 0.060806 0
3176 0.060796 0
3177 0.060786 0
3178 0.060776 0
3179 0.060766 0
3180 0.060756 0
3181 0.060747 0
3182 0.060737 0
3183 0.060727 0
3184 0.060717 0
3185 0.060707 0
3186 0.060697 0
3187 0.060687 0
3188 0.060678 0
3189 0.060668 0
3190 0.060658 0
3191 0.060648 0
3192 0.060638 0
3193 0.060628 0
3194 0.060619 0
3195 0.060609 0
3196 0.060599 0
3197 0.060589 0
3198 0.060579 0
3199 0.060570 0
3200 0.060560 0
3201 0.060550 0
3202 0.060540 0
3203 0.060530 0
3204 0.060521 0
3205 0.060511 0
3206 0.060501 0
3207 0.060491 0
3208 0.060482 0
3209 0.060472 0
3210 0.060462 0
3211 0.060452 0
3212 0.060443 0
3213 0.060433 0
3214 0.060423 0
3215 0.060414 0
3216 0.060404 0
3217 0.060394 0
3218 0.060384 0
3219 0.060375 0
3220 0.060365 0
3221 0.060355 0
3222 0.060346 0
3223 0.060336 0
3224 0.060326 0
3225 0.060317 0
3226 0.060307 0
3227 0.060297 0
3228 0.060288 0
3229 0.060278 0
3230 0.060268 0
3231 0.060259 0
3232 0.060249 0
3233 0.060239 0
3234 0.060230 0
3235 0.060220 0
3236 0.060211 0
3237 0.060201 0
3238 0.060191 0
3239 0.060182 0
3240 0.060172 0
3241 0.060162 0
3242 0.060153 0
3243 0.060143 0
3244 0.060134 0
3245 0.060124 0
3246 0.060115 0
3247 0.060105 0
3248 0.060095 0
3249 0.060086 0
3250 0.060076 0
3251 0.060067 0
3252 0.060057 0
3253 0.060048 0
3254 0.060038 0
3255 0.060029 0
3256 0.060019 0
3257 0.060010 0
3258 0.060000 0
3259 0.059990 0
3260 0.059981 0
3261 0.059971 0
3262 0.059962 0
3263 0.059952 0
3264 0.059943 0
3265 0.059933 0
3266 0.059924 0
3267 0.059915 0
3268 0.059905 0
3269 0.059896 0
3270 0.059886 0
3271 0.059877 0
3272 0.059867 0
3273 0.059858 0
3274 0.059848 0
3275 22.898674 5
3276 0.061117 5
3277 0.061108 0
3278 0.061098 0
3279 0.061088 0
3280 0.061079 0
3281 0.061069 0
3282 0.061060 0
3283 0.061050 0
3284 0.061040 0
3285 0.061031 0
3286 0.061021 0
3287 0.061011 0
3288 0.061002 0
3289 0.060992 0
3290 0.060983 0
3291 0.060973 0
3292 0.060964 0
3293 0.060954 0
3294 0.060944 0
3295 0.155277 0
3296 0.088410 0
3297 0.061027 0
3298 0.061018 0
3299 0.061008 0
3300 0.060999 0
3301 0.060989 0
3302 0.060979 0
3303 0.060970 0
3304 0.060960 0
3305 0.060951 0
3306 0.060941 0
3307 0.060932 0
3308 0.060922 0
3309 0.060913 0
3310 0.060903 0
3311 0.060894 0
3312 0.060884 0
3313 0.060875 0
3314 0.060865 0
3315 0.060856 0
3316 0.060846 0
3317 0.060837 0
3318 0.060827 0
3319 0.060818 0
3320 0.060808 0
3321 0.060799 0
3322 0.060789 0
3323 0.060780 0
3324 0.060770 0
3325 0.060761 0
3326 0.060751 0
3327 0.060742 0
3328 0.060733 0
3329 0.060723 0
3330 0.060714 0
3331 0.060704 0
3332 0.060695 0
3333 0.060685 0
3334 0.060676 0
3335 0.060667 0
3336 0.060657 0
3337 0.060648 0
3338 0.060638 0
3339 0.060629 0
3340 0.060620 0
3341 0.060610 0
3342 0.060601 0
3343 0.060592 0
3344 0.060582 0
3345 0.060573 0
3346 0.060563 0
3347 0.060554 0
3348 0.060545 0
3349 0.060535 0
3350 0.060526 0
3351 0.060517 0
3352 0.060507 0
3353 0.060498 0
3354 0.060489 0
3355 0.060479 0
3356 0.060470 0
3357 0.060461 0
3358 0.060451 0
3359 0.060442 0
3360 0.060433 0
3361 0.060424 0
3362 0.060414 0
3363 0.060405 0
3364 0.060396 0
3365 0.060386 0
3366 0.060377 0
3367 0.060368 0
3368 0.060359 0
3369 0.060349 0
3370 0.060340 0
3371 0.060331 0
3372 0.060322 0
3373 0.060312 0
3374 0.060303 0
3375 0.060294 0
3376 0.060285 0
3377 0.060275 0
3378 0.060266 0
3379 0.060257 0
3380 0.060248 0
3381 0.060238 0
3382 0.060229 0
3383 0.060220 0
3384 0.060211 0
3385 0.060202 0
3386 0.060192 0
3387 0.060183 0
3388 0.060174 0
3389 0.060165 0
3390 0.060156 0
3391 0.060147 0
3392 0.060137 0
3393 0.060128 0
3394 0.060119 0
3395 0.060110 0
3396 0.060101 0
3397 0.060092 0
3398 0.060082 0
3399 0.060073 0
3400 0.060064 0
3401 0.060055 0
3402 0.060046 0
3403 0.060037 0
3404 0.060028 0
3405 0.060019 0
3406 0.060009 0
3407 0.060000 0
3408 0.059991 0
3409 0.059982 0
3410 0.059973 0
3411 0.059964 0
3412 0.059955 0
3413 0.059946 0
3414 0.059937 0
3415 0.059928 0
3416 0.059919 0
3417 0.059910 0
3418 0.059900 0
3419 0.059891 0
3420 0.059882 0
3421 0.059873 0
3422 0.059864 0
3423 0.059855 0
3424 0.059846 0
3425 0.059837 0
3426 0.059828 0
3427 0.059819 0
3428 0.059810 0
3429 0.059801 0
3430 0.059792 0
3431 0.059783 0
3432 0.059774 0
3433 0.059765 0
3434 0.059756 0
3435 0.059747 0
3436 0.059738 0
3437 0.059729 0
3438 0.059720 0
3439 0.059711 0
3440 0.059702 0
3441 0.059693 0
3442 0.059684 0
3443 0.059675 0
3444 0.059666 0
3445 0.059657 0
3446 0.059648 0
3447 0.059639 0
3448 0.059631 0
3449 0.059622 0
3450 0.059613 0
3451 0.059604 0
3452 0.059595 0
3453 0.059586 0
3454 0.059577 0
3455 0.059568 0
3456 0.059559 0
3457 0.059550 0
3458 0.059541 0
3459 0.059532 0
3460 0.059524 0
3461 0.059515 0
3462 0.059506 0
3463 0.059497 0
3464 0.059488 0
3465 0.059479 0
3466 0.059470 0
3467 0.059461 0
3468 0.059453 0
3469 0.059444 0
3470 0.059435 0
3471 0.059426 0
3472 0.059417 0
3473 0.059408 0
3474 0.059400 0
3475 0.059391 0
3476 0.059382 0
3477 0.059373 0
3478 0.059364 0
3479 0.059355 0
3480 0.059347 0
3481 0.059338 0
3482 0.059329 0
3483 0.059320 0
3484 0.059311 0
3485 0.059303 0
3486 0.059294 0
3487 0.059285 0
3488 0.059276 0
3489 0.059267 0
3490 0.059259 0
3491 0.059250 0
3492 0.059241 0
3493 0.059232 0
3494 0.059224 0
3495 0.059215 0
3496 0.059206 0
3497 0.059197 0
3498 0.059189 0
3499 0.059180 0
3500 0.059171 0
3501 0.059162 0
3502 0.059154 0
3503 0.059145 0
3504 0.059136 0
3505 0.059127 0
3506 0.059119 0
3507 0.059110 0
3508 0.059101 0
3509 0.059093 0
3510 0.059084 0
3511 0.059075 0
3512 0.059067 0
3513 0.059058 0
3514 0.059049 0
3515 0.059041 0
3516 0.059032 0
3517 0.059023 0
3518 0.059015 0
3519 0.059006 0
3520 0.058997 0
3521 0.058989 0
3522 0.058980 0
3523 0.058971 0
3524 0.058963 0
3525 0.058954 0
3526 0.058945 0
3527 0.058937 0
3528 0.058928 0
3529 0.058919 0
3530 0.058911 0
3531 0.058902 0
3532 0.058894 0
3533 0.058885 0
3534 0.058876 0
3535 0.058868 0
3536 0.058859 0
3537 0.058851 0
3538 0.058842 0
3539 0.058833 0
3540 0.058825 0
3541 0.058816 0
3542 0.058808 0
3543 0.058799 0
3544 0.058790 0
3545 0.058782 0
3546 0.058773 0
3547 0.058765 0
3548 0.058756 0
3549 0.058748 0
3550 0.058739 0
3551 0.058731 0
3552 0.058722 0
3553 0.058713 0
3554 0.058705 0
3555 0.058696 0
3556 0.058688 0
3557 0.058679 0
3558 0.058671 0
3559 0.058662 0
3560 0.058654 0
3561 0.058645 0
3562 0.058637 0
3563 0.058628 0
3564 0.058620 0
3565 0.058611 0
3566 0.058603 0
3567 0.058594 0
3568 0.058586 0
3569 0.058577 0
3570 0.058569 0
3571 0.058560 0
3572 0.058552 0
3573 0.058544 0
3574 0.058535 0
3575 0.058527 0
3576 0.058518 0
3577 0.058510 0
3578 0.058501 0
3579 0.058493 0
3580 0.058484 0
3581 0.058476 0
3582 0.058468 0
3583 0.058459 0
3584 0.058451 0
3585 0.058442 0
3586 0.058434 0
3587 0.058425 0
3588 0.058417 0
3589 0.058409 0
3590 0.058400 0
3591 0.058392 0
3592 0.058383 0
3593 0.058375 0
3594 0.058367 0
3595 0.058358 0
3596 0.058350 0
3597 0.058341 0
3598 0.058333 0
3599 0.058325 0
3600 0.058316 0
3601 0.058308 0
3602 0.058300 0
3603 0.058291 0
3604 0.058283 0
3605 0.058275 0
3606 0.058266 0
3607 0.058258 0
3608 0.058250 0
3609 0.058241 0
3610 0.058233 0
3611 0.058225 0
3612 0.058216 0
3613 0.058208 0
3614 0.058200 0
3615 0.058191 0
3616 0.058183 0
3617 0.058175 0
3618 0.058166 0
3619 0.058158 0
3620 0.058150 0
3621 0.058141 0
3622 0.058133 0
3623 0.058125 0
3624 0.058117 0
3625 0.058108 0
3626 0.058100 0
3627 0.058092 0
3628 0.058084 0
3629 0.058075 0
3630 0.058067 0
3631 0.058059 0
3632 0.058050 0
3633 0.058042 0
3634 0.058034 0
3635 0.058026 0
3636 0.058018 0
3637 0.058009 0
3638 0.058001 0
3639 0.057993 0
3640 0.057985 0
3641 0.057976 0
3642 0.057968 0
3643 0.057960 0
3644 0.057952 0
3645 0.057944 0
3646 0.057935 0
3647 0.057927 0
3648 0.057919 0
3649 0.057911 0
3650 0.057903 0
3651 0.057894 0
3652 0.057886 0
3653 0.057878 0
3654 0.057870 0
3655 0.057862 0
3656 0.057853 0
3657 0.057845 0
3658 0.057837 0
3659 0.057829 0
3660 0.057821 0
3661 0.057813 0
3662 0.057804 0
3663 0.057796 0
3664 0.057788 0
3665 0.057780 0
3666 0.057772 0
3667 0.057764 0
3668 0.057756 0
3669 0.057748 0
3670 0.057739 0
3671 0.057731 0
3672 0.057723 0
3673 0.057715 0
3674 0.057707 0
3675 0.057699 0
3676 0.057691 0
3677 0.057683 0
3678 0.057675 0
3679 0.057666 0
3680 0.057658 0
3681 0.057650 0
3682 0.057642 0
3683 0.057634 0
3684 0.057626 0
3685 0.057618 0
3686 0.057610 0
3687 0.057602 0
3688 0.057594 0
3689 0.057586 0
3690 0.057578 0
3691 0.057570 0
3692 0.057562 0
3693 0.057554 0
3694 0.057545 0
3695 0.057537 0
3696 0.057529 0
3697 0.057521 0
3698 0.057513 0
3699 0.057505 0
3700 0.057497 0
3701 0.057489 0
3702 0.057481 0
3703 0.057473 0
3704 0.057465 0
3705 0.057457 0
3706 0.057449 0
3707 0.057441 0
3708 0.057433 0
3709 0.057425 0
3710 0.057417 0
3711 0.057409 0
3712 0.057401 0
3713 0.057393 0
3714 0.057385 0
3715 0.057377 0
3716 0.057369 0
3717 0.057361 0
3718 0.057353 0
3719 0.057345 0
3720 0.057338 0
3721 0.057330 0
3722 0.057322 0
3723 0.057314 0
3724 0.057306 0
3725 0.057298 0
3726 0.057290 0
3727 0.057282 0
3728 0.057274 0
3729 0.057266 0
3730 0.057258 0
3731 0.057250 0
3732 0.057242 0
3733 0.057234 0
3734 0.057226 0
3735 0.057219 0
3736 0.057211 0
3737 0.057203 0
3738 0.057195 0
3739 0.057187 0
3740 0.057179 0
3741 0.057171 0
3742 0.057163 0
3743 0.057155 0
3744 0.057148 0
3745 0.057140 0
3746 0.057132 0
3747 0.057124 0
3748 0.057116 0
3749 0.057108 0
3750 0.057100 0
3751 0.057093 0
3752 0.057085 0
3753 0.057077 0
3754 0.057069 0
3755 0.057061 0
3756 0.057053 0
3757 0.057045 0
3758 0.057038 0
3759 0.057030 0
3760 0.057022 0
3761 0.057014 0
3762 0.057006 0
3763 0.056998 0
3764 0.056991 0
3765 0.056983 0
3766 0.056975 0
3767 0.056967 0
3768 0.056959 0
3769 0.056952 0
3770 0.056944 0
3771 0.056936 0
3772 0.056928 0
3773 0.056920 0
3774 0.056913 0
3775 0.056905 0
3776 0.056897 0
3777 0.056889 0
3778 0.056882 0
3779 0.056874 0
3780 0.056866 0
3781 0.056858 0
3782 0.056851 0
3783 0.056843 0
3784 0.056835 0
3785 0.056827 0
3786 0.056820 0
3787 0.056812 0
3788 0.056804 0
3789 0.056796 0
3790 0.056789 0
3791 0.056781 0
3792 0.056773 0
3793 0.056765 0
3794 0.056758 0
3795 0.056750 0
3796 0.056742 0
3797 0.056735 0
3798 0.056727 0
3799 0.056719 0
3800 0.056711 0
3801 0.056704 0
3802 0.056696 0
3803 0.056688 0
3804 0.056681 0
3805 0.056673 0
3806 0.056665 0
3807 0.056658 0
3808 0.056650 0
3809 0.056642 0
3810 0.056635 0
3811 0.056627 0
3812 0.056619 0
3813 0.056612 0
3814 0.056604 0
3815 0.056596 0
3816 0.056589 0
3817 0.056581 0
3818 0.056573 0
3819 0.056566 0
3820 0.056558 0
3821 0.056550 0
3822 0.056543 0
3823 0.056535 0
3824 0.056528 0
3825 0.056520 0
3826 0.056512 0
3827 0.056505 0
3828 0.056497 0
3829 0.056490 0
3830 0.056482 0
3831 0.056474 0
3832 0.056467 0
3833 0.056459 0
3834 0.056451 0
3835 0.353223 0
3836 0.060335 0
3837 3.551738 0
3838 5.668054 0
3839 0.120220 0
3840 0.036531 0
3841 0.057650 0
3842 2.607557 0
3843 0.148919 0
3844 0.116240 0
3845 0.058102 0
3846 0.058094 0
3847 0.669247 0
3848 0.221644 0
3849 0.417495 0
3850 0.058400 0
3851 0.058392 0
3852 0.175729 0
3853 0.563512 0
3854 2.525292 0
3855 0.979771 0
3856 0.335350 0
3857 0.002101 0
3858 0.010358 0
3859 0.069579 0
3860 0.183827 0
3861 0.028227 0
3862 0.021444 0
3863 0.013369 0
3864 0.149877 0
3865 0.059401 0
3866 0.059393 0
3867 0.073467 0
3868 0.059412 0
3869 0.059405 0
3870 0.059397 0
3871 0.033154 0
3872 0.059405 0
3873 0.059398 0
3874 0.059390 0
3875 0.059382 0
3876 0.059374 0
3877 0.059366 0
3878 0.059358 0
3879 0.059350 0
3880 0.059342 0
3881 0.059334 0
3882 0.059326 0
3883 0.059318 0
3884 0.059311 0
3885 0.059303 0
3886 0.059295 0
3887 0.059287 0
3888 0.059279 0
3889 0.059271 0
3890 0.059263 0
3891 0.059255 0
3892 0.059248 0
3893 0.059240 0
3894 0.059232 0
3895 0.059224 0
3896 0.059216 0
3897 0.059208 0
3898 0.059200 0
3899 0.059193 0
3900 0.059185 0
3901 0.059177 0
3902 0.059169 0
3903 0.059161 0
3904 0.059153 0
3905 0.059146 0
3906 0.059138 0
3907 0.059130 0
3908 0.059122 0
3909 0.059114 0
3910 0.059106 0
3911 0.059099 0
3912 0.059091 0
3913 0.059083 0
3914 0.059075 0
3915 0.059067 0
3916 0.059060 0
3917 0.059052 0
3918 0.059044 0
3919 0.059036 0
3920 0.059029 0
3921 0.059021 0
3922 0.059013 0
3923 0.059005 0
3924 0.058997 0
3925 0.058990 0
3926 0.058982 0
3927 0.058974 0
3928 0.058966 0
3929 0.058959 0
3930 0.058951 0
3931 0.058943 0
3932 0.058935 0
3933 0.058928 0
3934 0.058920 0
3935 0.058912 0
3936 0.058904 0
3937 0.058897 0
3938 0.058889 0
3939 0.058881 0
3940 0.058874 0
3941 0.058866 0
3942 0.058858 0
3943 0.058850 0
3944 0.058843 0
3945 0.058835 0
3946 0.058827 0
3947 0.058820 0
3948 0.058812 0
3949 0.058804 0
3950 0.058797 0
3951 0.058789 0
3952 0.058781 0
3953 0.058773 0
3954 0.058766 0
3955 0.058758 0
3956 0.058750 0
3957 0.058743 0
3958 0.058735 0
3959 0.058727 0
3960 0.058720 0
3961 0.058712 0
3962 0.058704 0
3963 0.058697 0
3964 0.058689 0
3965 0.058682 0
3966 0.058674 0
3967 0.058666 0
3968 0.058659 0
3969 0.058651 0
3970 0.058643 0
3971 0.058636 0
3972 0.058628 0
3973 0.058620 0
3974 0.058613 0
3975 0.058605 0
3976 0.058598 0
3977 0.058590 0
3978 0.058582 0
3979 0.058575 0
3980 0.058567 0
3981 0.058560 0
3982 0.058552 0
3983 0.058544 0
3984 0.058537 0
3985 0.058529 0
3986 0.058522 0
3987 0.058514 0
3988 0.058506 0
3989 0.058499 0
3990 0.058491 0
3991 0.058484 0
3992 0.058476 0
3993 0.058469 0
3994 0.058461 0
3995 0.058453 0
3996 0.058446 0
3997 0.058438 0
3998 0.058431 0
3999 0.058423 0
4000 0.058416 0
4001 0.058408 0
4002 0.058401 0
4003 0.058393 0
4004 0.058386 0
4005 0.058378 0
4006 0.058371 0
4007 0.058363 0
4008 0.058356 0
4009 0.058348 0
4010 0.058340 0
4011 0.058333 0
4012 0.058325 0
4013 0.058318 0
4014 0.058310 0
4015 0.058303 0
4016 0.058295 0
4017 0.058288 0
4018 0.058280 0
4019 0.058273 0
4020 0.058265 0
4021 0.058258 0
4022 0.058251 0
4023 0.058243 0
4024 0.058236 0
4025 0.058228 0
4026 0.058221 0
4027 0.058213 0
4028 0.058206 0
4029 0.058198 0
4030 0.058191 0
4031 0.058183 0
4032 0.058176 0
4033 0.058168 0
4034 0.058161 0
4035 0.058154 0
4036 0.058146 0
4037 0.058139 0
4038 0.058131 0
4039 0.058124 0
4040 0.058116 0
4041 0.058109 0
4042 0.058102 0
4043 0.058094 0
4044 0.058087 0
4045 0.058079 0
4046 0.058072 0
4047 0.058064 0
4048 0.058057 0
4049 0.058050 0
4050 0.058042 0
4051 0.058035 0
4052 0.058027 0
4053 0.058020 0
4054 0.058013 0
4055 0.058005 0
4056 0.057998 0
4057 0.057991 0
4058 0.057983 0
4059 0.057976 0
4060 0.057968 0
4061 0.057961 0
4062 0.057954 0
4063 0.057946 0
4064 0.057939 0
4065 0.057932 0
4066 0.057924 0
4067 0.057917 0
4068 0.057909 0
4069 0.057902 0
4070 0.057895 0
4071 0.057887 0
4072 0.057880 0
4073 0.057873 0
4074 0.057865 0
4075 0.057858 0
4076 0.057851 0
4077 0.057843 0
4078 0.057836 0
4079 0.057829 0
4080 0.057821 0
4081 0.057814 0
4082 0.057807 0
4083 0.057800 0
4084 0.057792 0
4085 0.057785 0
4086 0.057778 0
4087 0.057770 0
4088 0.057763 0
4089 0.057756 0
4090 0.057748 0
4091 0.057741 0
4092 0.057734 0
4093 0.057727 0
4094 0.057719 0
4095 0.057712 0
4096 0.057705 0
4097 0.057698 0
4098 0.057690 0
4099 0.057683 0
4100 0.057676 0
4101 0.057668 0
4102 0.057661 0
4103 0.057654 0
4104 0.057647 0
4105 0.057639 0
4106 0.057632 0
4107 0.057625 0
4108 0.057618 0
4109 0.057610 0
4110 0.057603 0
4111 0.057596 0
4112 0.057589 0
4113 0.057582 0
4114 0.057574 0
4115 0.057567 0
4116 0.057560 0
4117 0.057553 0
4118 0.057545 0
4119 0.057538 0
4120 0.057531 0
4121 0.057524 0
4122 0.057517 0
4123 0.057509 0
4124 0.057502 0
4125 0.057495 0
4126 0.057488 0
4127 0.057481 0
4128 0.057473 0
4129 0.057466 0
4130 0.057459 0
4131 0.057452 0
4132 0.057445 0
4133 0.057438 0
4134 0.057430 0
4135 0.057423 0
4136 0.057416 0
4137 0.057409 0
4138 0.057402 0
4139 0.057395 0
4140 0.057387 0
4141 0.057380 0
4142 0.057373 0
4143 0.057366 0
4144 0.057359 0
4145 0.057352 0
4146 0.057345 0
4147 0.057337 0
4148 0.057330 0
4149 0.057323 0
4150 0.057316 0
4151 0.057309 0
4152 0.057302 0
4153 0.057295 0
4154 0.057288 0
4155 0.057280 0
4156 0.057273 0
4157 0.057266 0
4158 0.057259 0
4159 0.057252 0
4160 0.057245 0
4161 0.057238 0
4162 0.057231 0
4163 0.057224 0
4164 0.057216 0
4165 0.057209 0
4166 0.057202 0
4167 0.057195 0
4168 0.057188 0
4169 0.057181 0
4170 0.057174 0
4171 0.057167 0
4172 0.057160 0
4173 0.057153 0
4174 0.057146 0
4175 0.057139 0
4176 0.057132 0
4177 0.057125 0
4178 0.057117 0
4179 0.057110 0
4180 0.057103 0
4181 0.057096 0
4182 0.057089 0
4183 0.057082 0
4184 0.057075 0
4185 0.057068 0
4186 0.057061 0
4187 0.057054 0
4188 0.057047 0
4189 0.057040 0
4190 0.057033 0
4191 0.057026 0
4192 0.069815 0
4193 0.057043 0
4194 0.057036 0
4195 0.057029 0
4196 0.116868 0
4197 2.267970 0
4198 9.002935 0
4199 9.962940 0
4200 0.058753 0
4201 0.058745 0
4202 0.058738 0
4203 0.058731 0
4204 0.058724 0
4205 0.058716 0
4206 0.058709 0
4207 0.058702 0
4208 0.058695 0
4209 0.058688 0
4210 0.058680 0
4211 0.058673 0
4212 0.058666 0
4213 0.058659 0
4214 0.058652 0
4215 0.058644 0
4216 1.960055 0
4217 0.058924 0
4218 0.058917 0
4219 0.058909 0
4220 0.058902 0
4221 0.058895 0
4222 0.058888 0
4223 0.058880 0
4224 0.058873 0
4225 0.058866 0
4226 0.058859 0
4227 0.058852 0
4228 0.058844 0
4229 0.058837 0
4230 0.058830 0
4231 0.058823 0
4232 0.058816 0
4233 0.058809 0
4234 0.058801 0
4235 0.058794 0
4236 0.058787 0
4237 0.058780 0
4238 0.058773 0
4239 0.058766 0
4240 0.058758 0
4241 0.058751 0
4242 0.058744 0
4243 0.058737 0
4244 0.058730 0
4245 0.058723 0
4246 0.058715 0
4247 0.058708 0
4248 0.058701 0
4249 0.058694 0
4250 0.058687 0
4251 0.058680 0
4252 0.058673 0
4253 0.058666 0
4254 0.058658 0
4255 0.058651 0
4256 0.058644 0
4257 0.058637 0
4258 0.058630 0
4259 0.058623 0
4260 0.058616 0
4261 0.058609 0
4262 0.058602 0
4263 0.058594 0
4264 0.058587 0
4265 0.058580 0
4266 0.058573 0
4267 0.058566 0
4268 0.058559 0
4269 0.058552 0
4270 0.058545 0
4271 0.058538 0
4272 0.058531 0
4273 0.058524 0
4274 0.058516 0
4275 0.058509 0
4276 0.058502 0
4277 0.058495 0
4278 0.058488 0
4279 0.058481 0
4280 0.058474 0
4281 0.058467 0
4282 0.058460 0
4283 0.058453 0
4284 0.058446 0
4285 0.058439 0
4286 0.058432 0
4287 0.058425 0
4288 0.058418 0
4289 0.058411 0
4290 0.058404 0
4291 0.058397 0
4292 0.058390 0
4293 0.058383 0
4294 0.058376 0
4295 0.058369 0
4296 0.058362 0
4297 0.058355 0
4298 0.058348 0
4299 0.058340 0
4300 0.058333 0
4301 0.058326 0
4302 0.058319 0
4303 0.058312 0
4304 0.058305 0
4305 0.058298 0
4306 0.058292 0
4307 0.058285 0
4308 0.058278 0
4309 0.058271 0
4310 0.058264 0
4311 0.058257 0
4312 0.058250 0
4313 0.058243 0
4314 0.058236 0
4315 0.058229 0
4316 0.058222 0
4317 0.058215 0
4318 0.058208 0
4319 0.058201 0
4320 0.058194 0
4321 0.058187 0
4322 0.058180 0
4323 0.058173 0
4324 0.058166 0
4325 0.058159 0
4326 0.058152 0
4327 0.058145 0
4328 0.058138 0
4329 0.058131 0
4330 0.058124 0
4331 0.058118 0
4332 0.058111 0
4333 0.058104 0
4334 0.058097 0
4335 0.058090 0
4336 0.058083 0
4337 0.058076 0
4338 0.058069 0
4339 0.058062 0
4340 0.058055 0
4341 0.058048 0
4342 0.058041 0
4343 0.058035 0
4344 0.058028 0
4345 0.058021 0
4346 0.058014 0
4347 0.058007 0
4348 0.058000 0
4349 0.057993 0
4350 0.057986 0
4351 0.057979 0
4352 0.057973 0
4353 0.057966 0
4354 0.057959 0
4355 0.057952 0
4356 0.057945 0
4357 0.057938 0
4358 0.057931 0
4359 0.057924 0
4360 0.057918 0
4361 0.057911 0
4362 0.057904 0
4363 0.057897 0
4364 0.057890 0
4365 0.057883 0
4366 0.057876 0
4367 0.057870 0
4368 2.850422 0
4369 0.519491 0
4370 0.058319 0
4371 0.399826 0
4372 0.058400 0
4373 3.884696 0
4374 0.081301 0
4375 1.604803 0
4376 0.059078 0
4377 0.059071 0
4378 0.059064 0
4379 0.059057 0
4380 0.059050 0
4381 0.059043 0
4382 2.076976 0
4383 0.059322 0
4384 0.617118 0
4385 0.991756 0
4386 0.059612 0
4387 0.534345 0
4388 0.159759 0
4389 18.466168 5
4390 0.299933 5
4391 0.148409 0
4392 0.192301 0
4393 0.060796 0
4394 0.060789 0
4395 0.060782 0
4396 0.060775 0
4397 0.060768 0
4398 0.060760 0
4399 5.179551 0
4400 2.397084 0
4401 27.765733 5
4402 22.591952 0
4403 0.063717 5
4404 0.063709 0
4405 0.063702 0
4406 0.063694 0
4407 0.063687 0
4408 4.718114 0
4409 0.064139 0
4410 0.064131 0
4411 0.252875 0
4412 0.031692 0
4413 0.064200 0
4414 0.064193 0
4415 0.229096 0
4416 0.126259 0
4417 3.209161 0
4418 2.676138 0
4419 0.064980 0
4420 0.064972 0
4421 9.633474 0
4422 3.746923 0
4423 1.801441 0
4424 1.116133 0
4425 0.066468 0
4426 26.703601 5
4427 0.067620 5
4428 0.067612 0
4429 0.050485 0
4430 0.347326 0
4431 0.067703 0
4432 0.032382 0
4433 0.240371 0
4434 0.078853 0
4435 0.077024 0
4436 0.129725 0
4437 0.002038 0
4438 0.121544 0
4439 0.067902 0
4440 0.067894 0
4441 0.067886 0
4442 0.067878 0
4443 0.006597 0
4444 0.067879 0
4445 0.256040 0
4446 0.067934 0
4447 0.320820 0
4448 0.011787 0
4449 0.027618 0
4450 0.012035 0
4451 0.044124 0
4452 0.068048 0
4453 0.068040 0
4454 0.088995 0
4455 0.068061 0
4456 0.068053 0
4457 0.068045 0
4458 0.068037 0
4459 0.101484 0
4460 0.068060 0
4461 0.068052 0
4462 0.110851 0
4463 0.068077 0
4464 0.068069 0
4465 0.068061 0
4466 0.068053 0
4467 0.068045 0
4468 0.016241 0
4469 0.068049 0
4470 0.068041 0
4471 0.068033 0
4472 0.068025 0
4473 0.068017 0
4474 0.068010 0
4475 0.068002 0
4476 0.067994 0
4477 0.067986 0
4478 0.067978 0
4479 0.067970 0
4480 0.070236 0
4481 0.152807 0
4482 0.072314 0
4483 0.062813 0
4484 0.108565 0
4485 0.068107 0
4486 0.068099 0
4487 2.055229 0
4488 0.114579 0
4489 0.014823 0
4490 0.179527 0
4491 0.068454 0
4492 0.111153 0
4493 0.544515 0
4494 8.860980 0
4495 0.069204 0
4496 0.069196 0
4497 0.069188 0
4498 0.069180 0
4499 0.069172 0
4500 0.069164 0
4501 0.069156 0
4502 0.069148 0
4503 0.069140 0
4504 0.069132 0
4505 0.069124 0
4506 0.069116 0
4507 0.069108 0
4508 0.069100 0
4509 0.069092 0
4510 0.069084 0
4511 0.069076 0
4512 0.069068 0
4513 0.069060 0
4514 0.069052 0
4515 0.069044 0
4516 0.069036 0
4517 0.069028 0
4518 0.069020 0
4519 0.069012 0
4520 0.069004 0
4521 0.068996 0
4522 0.068989 0
4523 0.068981 0
4524 0.068973 0
4525 0.068965 0
4526 0.068957 0
4527 0.068949 0
4528 0.068941 0
4529 0.068933 0
4530 0.068925 0
4531 0.068917 0
4532 0.068909 0
4533 0.068901 0
4534 0.068894 0
4535 0.068886 0
4536 0.068878 0
4537 0.068870 0
4538 0.068862 0
4539 0.068854 0
4540 0.068846 0
4541 0.068838 0
4542 0.068830 0
4543 0.068823 0
4544 0.068815 0
4545 0.068807 0
4546 0.068799 0
4547 0.068791 0
4548 0.068783 0
4549 0.068775 0
4550 0.068768 0
4551 0.068760 0
4552 0.068752 0
4553 0.068744 0
4554 0.068736 0
4555 0.068728 0
4556 0.068720 0
4557 0.068713 0
4558 0.068705 0
4559 0.068697 0
4560 0.068689 0
4561 0.068681 0
4562 0.068673 0
4563 0.068666 0
4564 0.068658 0
4565 0.068650 0
4566 0.068642 0
4567 0.068634 0
4568 0.068627 0
4569 0.068619 0
4570 0.068611 0
4571 0.068603 0
4572 0.068595 0
4573 0.068588 0
4574 0.068580 0
4575 0.068572 0
4576 0.068564 0
4577 0.068556 0
4578 0.068549 0
4579 0.068541 0
4580 0.068533 0
4581 0.068525 0
4582 0.068517 0
4583 0.068510 0
4584 0.068502 0
4585 0.068494 0
4586 0.068486 0
4587 0.068479 0
4588 0.068471 0
4589 0.068463 0
4590 0.068455 0
4591 0.068448 0
4592 0.068440 0
4593 0.068432 0
4594 0.068424 0
4595 0.068417 0
4596 0.068409 0
4597 0.068401 0
4598 0.068393 0
4599 0.068386 0
4600 0.068378 0
4601 0.068370 0
4602 0.068363 0
4603 0.068355 0
4604 0.068347 0
4605 0.068339 0
4606 0.068332 0
4607 0.068324 0
4608 0.068316 0
4609 0.068309 0
4610 0.068301 0
4611 0.068293 0
4612 0.068286 0
4613 0.068278 0
4614 0.068270 0
4615 0.068262 0
4616 0.068255 0
4617 0.068247 0
4618 0.068239 0
4619 0.068232 0
4620 0.068224 0
4621 0.068216 0
4622 0.068209 0
4623 0.068201 0
4624 0.068193 0
4625 0.068186 0
4626 0.068178 0
4627 0.068170 0
4628 0.068163 0
4629 0.068155 0
4630 0.068147 0
4631 0.068140 0
4632 0.068132 0
4633 0.068124 0
4634 0.068117 0
4635 0.068109 0
4636 0.068102 0
4637 0.068094 0
4638 0.068086 0
4639 0.068079 0
4640 0.068071 0
4641 0.068063 0
4642 0.068056 0
4643 0.068048 0
4644 0.068041 0
4645 0.068033 0
4646 0.068025 0
4647 0.068018 0
4648 0.068010 0
4649 0.068003 0
4650 0.067995 0
4651 0.067987 0
4652 0.067980 0
4653 0.067972 0
4654 0.067965 0
4655 0.067957 0
4656 0.067949 0
4657 0.067942 0
4658 0.067934 0
4659 0.067927 0
4660 0.067919 0
4661 0.067912 0
4662 0.067904 0
4663 0.067896 0
4664 0.067889 0
4665 0.067881 0
4666 0.067874 0
4667 0.067866 0
4668 0.067859 0
4669 0.067851 0
4670 0.067844 0
4671 0.067836 0
4672 0.067828 0
4673 0.067821 0
4674 0.067813 0
4675 0.067806 0
4676 0.067798 0
4677 0.067791 0
4678 0.067783 0
4679 0.067776 0
4680 0.067768 0
4681 0.067761 0
4682 0.067753 0
4683 0.067746 0
4684 0.067738 0
4685 0.067731 0
4686 0.067723 0
4687 0.067716 0
4688 0.067708 0
4689 0.067701 0
4690 0.067693 0
4691 0.067686 0
4692 0.067678 0
4693 0.067671 0
4694 0.067663 0
4695 0.067656 0
4696 0.067648 0
4697 0.067641 0
4698 0.067633 0
4699 0.067626 0
4700 0.067618 0
4701 0.067611 0
4702 0.067603 0
4703 0.067596 0
4704 0.067588 0
4705 0.067581 0
4706 0.067573 0
4707 0.067566 0
4708 0.067559 0
4709 0.067551 0
4710 0.067544 0
4711 0.067536 0
4712 0.067529 0
4713 0.067521 0
4714 0.067514 0
4715 0.067506 0
4716 0.067499 0
4717 0.067492 0
4718 0.067484 0
4719 0.067477 0
4720 0.009041 0
4721 0.067475 0
4722 0.067467 0
4723 0.125883 0
4724 0.178441 0
4725 0.212151 0
4726 0.067589 0
4727 0.076189 0
4728 0.007833 0
4729 0.067614 0
4730 0.009232 0
4731 0.186749 0
4732 0.098699 0
4733 0.010034 0
4734 0.077843 0
4735 0.075233 0
4736 0.100615 0
4737 0.575539 0
4738 0.039182 0
4739 0.067893 0
4740 0.067886 0
4741 0.138894 0
4742 0.094524 0
4743 0.067942 0
4744 0.067935 0
4745 0.067928 0
4746 0.067920 0
4747 0.067913 0
4748 0.067905 0
4749 0.067898 0
4750 0.067890 0
4751 0.067883 0
4752 0.067876 0
4753 0.067868 0
4754 0.295635 0
4755 0.144712 0
4756 0.067963 0
4757 0.067956 0
4758 0.067948 0
4759 0.217967 0
4760 0.067992 0
4761 0.042035 0
4762 0.289087 0
4763 0.173484 0
4764 0.068108 0
4765 0.025043 0
4766 0.068103 0
4767 0.068095 0
4768 0.165674 0
4769 0.801538 0
4770 0.066743 0
4771 0.178684 0
4772 0.233116 0
4773 0.041984 0
4774 4.379262 0
4775 0.068811 0
4776 0.054577 0
4777 0.068822 0
4778 0.056211 0
4779 0.068834 0
4780 0.034502 0
4781 0.334100 0
4782 0.106465 0
4783 0.019362 0
4784 0.009761 0
4785 0.009726 0
4786 0.068970 0
4787 0.147375 0
4788 0.444345 0
4789 0.049475 0
4790 0.069107 0
4791 0.069100 0
4792 0.002292 0
4793 0.127419 0
4794 0.069134 0
4795 0.069127 0
4796 0.069119 0
4797 0.069112 0
4798 0.025432 0
4799 0.069117 0
4800 0.039292 0
4801 0.093308 0
4802 0.023825 0
4803 0.021472 0
4804 0.007092 0
4805 0.020478 0
4806 0.004375 0
4807 0.004993 0
4808 0.000000 0
4809 0.070124 0
4810 0.004307 0
4811 0.070123 0
4812 1.539570 0
4813 1.004670 0
4814 0.175191 0
4815 0.043414 0
4816 0.011813 0
4817 0.018505 0
4818 0.070567 0
4819 0.001486 0
4820 0.070567 0
4821 0.070559 0
4822 0.070552 0
4823 0.070544 0
4824 0.070536 0
4825 0.070529 0
4826 0.070521 0
4827 0.070514 0
4828 0.070506 0
4829 0.070498 0
4830 0.070491 0
4831 0.070483 0
4832 0.070476 0
4833 0.070468 0
4834 0.024726 0
4835 0.000868 0
4836 0.316185 0
4837 0.180549 0
4838 2.193997 0
4839 0.149119 0
4840 0.048900 0
4841 0.070918 0
4842 0.070910 0
4843 0.070903 0
4844 0.070895 0
4845 0.091222 0
4846 0.003908 0
4847 1.126014 0
4848 0.071096 0
4849 0.071089 0
4850 0.071081 0
4851 1.229498 0
4852 0.071258 0
4853 0.071250 0
4854 7.304165 0
4855 0.071760 0
4856 0.071753 0
4857 0.071745 0
4858 0.071737 0
4859 0.071729 0
4860 0.071722 0
4861 0.071714 0
4862 0.071706 0
4863 0.071699 0
4864 0.071691 0
4865 0.071683 0
4866 0.071676 0
4867 0.071668 0
4868 0.071660 0
4869 0.071653 0
4870 0.071645 0
4871 0.071637 0
4872 0.071630 0
4873 0.071622 0
4874 0.071614 0
4875 0.071607 0
4876 0.071599 0
4877 0.071591 0
4878 0.071584 0
4879 0.071576 0
4880 0.071569 0
4881 0.071561 0
4882 0.071553 0
4883 0.071546 0
4884 0.071538 0
4885 0.071530 0
4886 0.071523 0
4887 0.071515 0
4888 0.071508 0
4889 0.071500 0
4890 0.071492 0
4891 0.071485 0
4892 0.071477 0
4893 0.071469 0
4894 0.071462 0
4895 0.071454 0
4896 0.071447 0
4897 0.071439 0
4898 0.071431 0
4899 0.071424 0
4900 0.071416 0
4901 0.071409 0
4902 0.071401 0
4903 0.071394 0
4904 0.071386 0
4905 0.071378 0
4906 0.071371 0
4907 0.071363 0
4908 0.071356 0
4909 0.071348 0
4910 0.071340 0
4911 0.071333 0
4912 0.071325 0
4913 0.071318 0
4914 0.071310 0
4915 0.071303 0
4916 0.071295 0
4917 0.071288 0
4918 0.071280 0
4919 0.071273 0
4920 0.071265 0
4921 0.071257 0
4922 0.071250 0
4923 0.071242 0
4924 0.071235 0
4925 0.071227 0
4926 0.071220 0
4927 0.071212 0
4928 0.071205 0
4929 0.071197 0
4930 0.071190 0
4931 0.071182 0
4932 0.071175 0
4933 0.071167 0
4934 0.071160 0
4935 0.071152 0
4936 0.071145 0
4937 0.071137 0
4938 0.071130 0
4939 0.071122 0
4940 0.071115 0
4941 0.071107 0
4942 0.071100 0
4943 0.071092 0
4944 0.071085 0
4945 0.071077 0
4946 0.071070 0
4947 0.071062 0
4948 0.071055 0
4949 0.071047 0
4950 0.071040 0
4951 0.071032 0
4952 0.071025 0
4953 0.071017 0
4954 0.071010 0
4955 0.071002 0
4956 0.070995 0
4957 0.070988 0
4958 0.070980 0
4959 0.070973 0
4960 0.070965 0
4961 0.070958 0
4962 0.070950 0
4963 0.070943 0
4964 0.070935 0
4965 0.070928 0
4966 0.070921 0
4967 0.070913 0
4968 0.070906 0
4969 0.070898 0
4970 0.070891 0
4971 0.070883 0
4972 0.070876 0
4973 0.070869 0
4974 0.070861 0
4975 0.070854 0
4976 0.070846 0
4977 0.070839 0
4978 0.070831 0
4979 0.070824 0
4980 0.070817 0
4981 0.070809 0
4982 0.070802 0
4983 0.070794 0
4984 0.070787 0
4985 0.070780 0
4986 0.070772 0
4987 0.070765 0
4988 0.070758 0
4989 0.070750 0
4990 0.070743 0
4991 0.070515 0
4992 3.153559 0
4993 0.026683 0
4994 0.049176 0
4995 0.071112 0
4996 0.071104 0
4997 0.005849 0
4998 3.057219 0
4999 0.406209 0
5000 0.409036 0
5001 2.776941 0
5002 0.071883 0
5003 1.749524 0
5004 0.072101 0
5005 0.072094 0
5006 0.072086 0
5007 0.072079 0
5008 0.072071 0
5009 0.072064 0
5010 0.072056 0
5011 0.072049 0
5012 0.072041 0
5013 0.072034 0
5014 0.072026 0
5015 0.072019 0
5016 0.072011 0
5017 0.072004 0
5018 0.071996 0
5019 0.071989 0
5020 0.071981 0
5021 0.071974 0
5022 0.071966 0
5023 0.071959 0
5024 0.071951 0
5025 0.071944 0
5026 0.071937 0
5027 0.071929 0
5028 0.071922 0
5029 0.071914 0
5030 0.071907 0
5031 0.071899 0
5032 0.071892 0
5033 0.071884 0
5034 0.071877 0
5035 0.071870 0
5036 0.071862 0
5037 0.071855 0
5038 0.104279 0
5039 0.042653 0
5040 0.095120 0
5041 0.018787 0
5042 0.138039 0
5043 0.071957 0
5044 0.007974 0
5045 0.024534 0
5046 0.070360 0
5047 0.071979 0
5048 0.071971 0
5049 0.167971 0
5050 0.072004 0
5051 0.071997 0
5052 0.016057 0
5053 0.072000 0
5054 2.518957 0
5055 0.012806 0
5056 0.028248 0
5057 0.098674 0
5058 0.108017 0
5059 0.072352 0
5060 0.072345 0
5061 0.072338 0
5062 0.072330 0
5063 0.037364 0
5064 0.743333 0
5065 0.786897 0
5066 0.072591 0
5067 0.072584 0
5068 2.566226 0
5069 0.138461 0
5070 0.027673 0
5071 0.262936 0
5072 0.442151 0
5073 0.005533 0
5074 0.073056 0
5075 0.008124 0
5076 0.073054 0
5077 0.353401 0
5078 0.571822 0
5079 0.073219 0
5080 0.022532 0
5081 0.153845 0
5082 0.051671 0
5083 0.073279 0
5084 0.106916 0
5085 0.112219 0
5086 0.114913 0
5087 0.475176 0
5088 0.073449 0
5089 1.055193 0
5090 0.000000 0
5091 0.712282 0
5092 0.074574 0
5093 0.121924 0
5094 0.074598 0
5095 0.232957 0
5096 0.074642 0
5097 0.074635 0
5098 0.288976 0
5099 0.069799 0
5100 0.251431 0
5101 0.074764 0
5102 0.993092 0
5103 0.074908 0
5104 0.074900 0
5105 0.929558 0
5106 0.087533 0
5107 0.075063 0
5108 0.075055 0
5109 0.075047 0
5110 0.241604 0
5111 0.075092 0
5112 0.075085 0
5113 0.075077 0
5114 0.075069 0
5115 0.075062 0
5116 0.075054 0
5117 0.075046 0
5118 0.075039 0
5119 0.075031 0
5120 0.075023 0
5121 0.075016 0
5122 0.075008 0
5123 0.075000 0
5124 0.074993 0
5125 0.074985 0
5126 0.074977 0
5127 0.074970 0
5128 0.074962 0
5129 0.074955 0
5130 0.074947 0
5131 0.074939 0
5132 0.074932 0
5133 0.074924 0
5134 0.074916 0
5135 0.074909 0
5136 0.074901 0
5137 0.074894 0
5138 0.074886 0
5139 0.074878 0
5140 0.074871 0
5141 0.074863 0
5142 0.074856 0
5143 0.074848 0
5144 0.074840 0
5145 0.074833 0
5146 0.074825 0
5147 26.511664 5
5148 3.220773 5
5149 0.073986 0
5150 0.073978 0
5151 0.073971 0
5152 0.073963 0
5153 0.359212 0
5154 0.105629 0
5155 0.171509 0
5156 0.012305 0
5157 0.074100 0
5158 0.074092 0
5159 0.074085 0
5160 0.074077 0
5161 0.074070 0
5162 0.074062 0
5163 0.074055 0
5164 0.074047 0
5165 0.074040 0
5166 0.074032 0
5167 0.074025 0
5168 0.074017 0
5169 0.074010 0
5170 0.074002 0
5171 0.073995 0
5172 0.073987 0
5173 0.073980 0
5174 0.073972 0
5175 0.073965 0
5176 0.073958 0
5177 0.073950 0
5178 0.073943 0
5179 0.073935 0
5180 0.073928 0
5181 0.073920 0
5182 0.073913 0
5183 0.073905 0
5184 0.073898 0
5185 0.073891 0
5186 0.073883 0
5187 0.073876 0
5188 0.073868 0
5189 0.073861 0
5190 0.073853 0
5191 0.073846 0
5192 0.073839 0
5193 0.073831 0
5194 0.073824 0
5195 0.073816 0
5196 0.073809 0
5197 0.073802 0
5198 0.073794 0
5199 0.073787 0
5200 0.073779 0
5201 0.073772 0
5202 0.073765 0
5203 0.073757 0
5204 0.073750 0
5205 0.073742 0
5206 0.073735 0
5207 0.073728 0
5208 0.073720 0
5209 0.073713 0
5210 0.073705 0
5211 0.073698 0
5212 0.073691 0
5213 0.073683 0
5214 0.073676 0
5215 0.073669 0
5216 0.073661 0
5217 0.073654 0
5218 0.073647 0
5219 0.073639 0
5220 0.073632 0
5221 0.073624 0
5222 0.073617 0
5223 0.073610 0
5224 0.073602 0
5225 0.073595 0
5226 0.073588 0
5227 0.073580 0
5228 0.073573 0
5229 0.073566 0
5230 0.073558 0
5231 0.073551 0
5232 0.073544 0
5233 0.073536 0
5234 0.073529 0
5235 0.073522 0
5236 0.073514 0
5237 0.073507 0
5238 0.073500 0
5239 0.073492 0
5240 0.073485 0
5241 0.073478 0
5242 0.073470 0
5243 0.073463 0
5244 0.073456 0
5245 0.073449 0
5246 0.073441 0
5247 0.073434 0
5248 0.073427 0
5249 0.073419 0
5250 0.073412 0
5251 0.073405 0
5252 0.073398 0
5253 0.073390 0
5254 0.073383 0
5255 0.073376 0
5256 0.073368 0
5257 0.073361 0
5258 0.073354 0
5259 0.073347 0
5260 0.073339 0
5261 0.067075 0
5262 0.073352 0
5263 0.261015 0
5264 0.083984 0
5265 0.284945 0
5266 1.636715 0
5267 0.600236 0
5268 0.066409 0
5269 0.063815 0
5270 0.097736 0
5271 0.073855 0
5272 0.112450 0
5273 0.015862 0
5274 0.003238 0
5275 0.018482 0
5276 0.073904 0
5277 0.081686 0
5278 0.039660 0
5279 0.034510 0
5280 0.080095 0
5281 0.138079 0
5282 0.088637 0
5283 0.074030 0
5284 0.065938 0
5285 0.054333 0
5286 0.074061 0
5287 0.014592 0
5288 0.004283 0
5289 2.975218 0
5290 0.033346 0
5291 0.017192 0
5292 0.074384 0
5293 0.077897 0
5294 0.074399 0
5295 0.074392 0
5296 0.074385 0
5297 0.074377 0
5298 0.074370 0
5299 0.074363 0
5300 0.074355 0
5301 0.074348 0
5302 0.074341 0
5303 0.074333 0
5304 0.074326 0
5305 1.284664 0
5306 0.036594 0
5307 0.080371 0
5308 0.108372 0
5309 0.445561 0
5310 0.078291 0
5311 0.610776 0
5312 0.074765 0
5313 5.265927 0
5314 0.144354 0
